idx	Train_S	Test_S	All_S	Train_T	Test_T	All_T	Train_T_10	Test_T_10	All_T_10	Other1	Other2
0	0.08628572	0.08133333	0.0848	0.08514286	0.08	0.0836	[0.0, 0.029761905, 0.017142856, 0.11299435, 0.37714285, 0.0, 0.2881356, 0.020289855, 0.0029498525, 0.0]	[0.0, 0.05487805, 0.006666667, 0.08219178, 0.36, 0.0, 0.26027396, 0.038709678, 0.0, 0.0]	[0.0, 0.038, 0.014, 0.104, 0.372, 0.0, 0.28, 0.026, 0.002, 0.0]	0.00011905952	1.4211982e-06
10	0.1	0.1	0.1	0.1	0.1	0.1	[0.0, 0.0, 0.0, 0.0, 1.0, 0.0, 0.0, 0.0, 0.0, 0.0]	[0.0, 0.0, 0.0, 0.0, 1.0, 0.0, 0.0, 0.0, 0.0, 0.0]	[0.0, 0.0, 0.0, 0.0, 1.0, 0.0, 0.0, 0.0, 0.0, 0.0]	0.00020094868	4.8454385e-06
20	0.09971429	0.096666664	0.0988	0.09942857	0.09866667	0.0992	[0.0, 0.0, 0.0, 0.0, 0.9942857, 0.0, 0.0, 0.0, 0.0, 0.0]	[0.0, 0.0, 0.0, 0.0, 0.9866667, 0.0, 0.0, 0.0, 0.0, 0.0]	[0.0, 0.0, 0.0, 0.0, 0.992, 0.0, 0.0, 0.0, 0.0, 0.0]	0.0002812473	2.6027905e-05
30	0.1	0.1	0.1	0.1	0.1	0.1	[0.0, 0.0, 0.0, 0.0, 1.0, 0.0, 0.0, 0.0, 0.0, 0.0]	[0.0, 0.0, 0.0, 0.0, 1.0, 0.0, 0.0, 0.0, 0.0, 0.0]	[0.0, 0.0, 0.0, 0.0, 1.0, 0.0, 0.0, 0.0, 0.0, 0.0]	0.0002592369	6.331946e-05
40	0.1	0.1	0.1	0.1	0.1	0.1	[0.0, 0.0, 0.0, 0.0, 1.0, 0.0, 0.0, 0.0, 0.0, 0.0]	[0.0, 0.0, 0.0, 0.0, 1.0, 0.0, 0.0, 0.0, 0.0, 0.0]	[0.0, 0.0, 0.0, 0.0, 1.0, 0.0, 0.0, 0.0, 0.0, 0.0]	0.00025903177	8.776388e-05
50	0.10028572	0.1	0.1002	0.1	0.1	0.1	[0.0, 0.0, 0.0, 0.0, 1.0, 0.0, 0.0, 0.0, 0.0, 0.0]	[0.0, 0.0, 0.0, 0.0, 1.0, 0.0, 0.0, 0.0, 0.0, 0.0]	[0.0, 0.0, 0.0, 0.0, 1.0, 0.0, 0.0, 0.0, 0.0, 0.0]	0.00022802362	7.568183e-05
60	0.116	0.11133333	0.1146	0.104	0.106	0.1046	[0.0, 0.0, 0.0, 0.03954802, 1.0, 0.0, 0.0, 0.0, 0.0, 0.0]	[0.0, 0.0, 0.0, 0.061643835, 1.0, 0.0, 0.0, 0.0, 0.0, 0.0]	[0.0, 0.0, 0.0, 0.046, 1.0, 0.0, 0.0, 0.0, 0.0, 0.0]	0.00017189328	7.3323725e-05
70	0.12885714	0.118666664	0.1258	0.11228571	0.108	0.111	[0.0, 0.0, 0.0, 0.121468924, 1.0, 0.0, 0.0, 0.0, 0.0, 0.0]	[0.0, 0.0, 0.0, 0.08219178, 1.0, 0.0, 0.0, 0.0, 0.0, 0.0]	[0.0, 0.0, 0.0, 0.11, 1.0, 0.0, 0.0, 0.0, 0.0, 0.0]	0.00021161395	7.155503e-05
80	0.192	0.17933333	0.1882	0.17514285	0.16933334	0.1734	[0.0, 0.0, 0.0, 0.91525424, 0.8257143, 0.0, 0.0, 0.0, 0.0, 0.0]	[0.0, 0.0, 0.0, 0.89726025, 0.82, 0.0, 0.0, 0.0, 0.0, 0.0]	[0.0, 0.0, 0.0, 0.91, 0.824, 0.0, 0.0, 0.0, 0.0, 0.0]	0.00023355708	6.163062e-05
90	0.11057143	0.106	0.1092	0.100857146	0.101333335	0.101	[0.0, 0.0, 0.0, 0.008474576, 1.0, 0.0, 0.0, 0.0, 0.0, 0.0]	[0.0, 0.0, 0.0, 0.01369863, 1.0, 0.0, 0.0, 0.0, 0.0, 0.0]	[0.0, 0.0, 0.0, 0.01, 1.0, 0.0, 0.0, 0.0, 0.0, 0.0]	0.00022003613	6.4790365e-05
100	0.12314286	0.114	0.1204	0.10485714	0.10666667	0.1054	[0.0, 0.0, 0.0, 0.04519774, 1.0, 0.0, 0.0028248588, 0.0, 0.0, 0.0]	[0.0, 0.0, 0.0, 0.06849315, 1.0, 0.0, 0.0, 0.0, 0.0, 0.0]	[0.0, 0.0, 0.0, 0.052, 1.0, 0.0, 0.002, 0.0, 0.0, 0.0]	0.00022751559	5.9190555e-05
110	0.19685714	0.18733333	0.194	0.17028572	0.16133334	0.1676	[0.0, 0.0, 0.0, 0.68926555, 0.99714285, 0.0, 0.008474576, 0.0, 0.0, 0.0]	[0.0, 0.0, 0.0, 0.63013697, 1.0, 0.0, 0.0, 0.0, 0.0, 0.0]	[0.0, 0.0, 0.0, 0.672, 0.998, 0.0, 0.006, 0.0, 0.0, 0.0]	0.00015917234	4.6940288e-05
120	0.18314286	0.16	0.1762	0.14571428	0.13466667	0.1424	[0.0, 0.0, 0.0, 0.4180791, 1.0, 0.0, 0.033898305, 0.0, 0.0, 0.0]	[0.0, 0.0, 0.0, 0.34246576, 1.0, 0.0, 0.01369863, 0.0, 0.0, 0.0]	[0.0, 0.0, 0.0, 0.396, 1.0, 0.0, 0.028, 0.0, 0.0, 0.0]	0.00015405286	5.2236603e-05
130	0.20942858	0.19733334	0.2058	0.19457144	0.19133334	0.1936	[0.0, 0.0, 0.0, 0.98870057, 0.8914286, 0.0, 0.053672317, 0.0, 0.0, 0.0]	[0.0, 0.0, 0.0, 0.98630136, 0.9, 0.0, 0.05479452, 0.0, 0.0, 0.0]	[0.0, 0.0, 0.0, 0.988, 0.894, 0.0, 0.054, 0.0, 0.0, 0.0]	0.00021359208	1.905614e-05
140	0.19857143	0.18466666	0.1944	0.17	0.16666667	0.169	[0.049132947, 0.0, 0.0, 0.6299435, 1.0, 0.0, 0.014124294, 0.0, 0.0, 0.0]	[0.077922076, 0.0, 0.0, 0.5890411, 1.0, 0.0, 0.01369863, 0.0, 0.0, 0.0]	[0.058, 0.0, 0.0, 0.618, 1.0, 0.0, 0.014, 0.0, 0.0, 0.0]	0.00018182117	2.913666e-05
150	0.28971428	0.26866665	0.2834	0.24228571	0.23666666	0.2406	[1.0, 0.0, 0.0, 0.39548022, 1.0, 0.0, 0.033898305, 0.0, 0.0, 0.0]	[1.0, 0.0, 0.0, 0.31506848, 1.0, 0.0, 0.034246575, 0.0, 0.0, 0.0]	[1.0, 0.0, 0.0, 0.372, 1.0, 0.0, 0.034, 0.0, 0.0, 0.0]	0.00016946672	3.3780583e-05
160	0.37657142	0.35666665	0.3706	0.3222857	0.32666665	0.3236	[1.0, 0.21130952, 0.0, 0.9293785, 1.0, 0.0, 0.09039548, 0.0, 0.0, 0.0]	[1.0, 0.24390244, 0.0, 0.8767123, 1.0, 0.0, 0.12328767, 0.0, 0.0, 0.0]	[1.0, 0.222, 0.0, 0.914, 1.0, 0.0, 0.1, 0.0, 0.0, 0.0]	0.00011740031	2.3798784e-06
170	0.41485715	0.41533333	0.415	0.396	0.404	0.3984	[1.0, 0.9702381, 0.0, 0.90960455, 1.0, 0.0, 0.118644066, 0.0, 0.0, 0.0]	[1.0, 0.9756098, 0.0, 0.8561644, 1.0, 0.0, 0.11643836, 0.0, 0.0, 0.0]	[1.0, 0.972, 0.0, 0.894, 1.0, 0.0, 0.118, 0.0, 0.0, 0.0]	2.5579197e-05	9.572017e-06
180	0.42171428	0.40066665	0.4154	0.3642857	0.372	0.3666	[1.0, 0.3452381, 0.0, 0.9915254, 1.0, 0.0, 0.31638417, 0.0, 0.0, 0.0]	[1.0, 0.36585367, 0.0, 0.98630136, 1.0, 0.0, 0.34246576, 0.0, 0.0, 0.0]	[1.0, 0.352, 0.0, 0.99, 1.0, 0.0, 0.324, 0.0, 0.0, 0.0]	3.886412e-05	2.2592372e-05
190	0.454	0.44133332	0.4502	0.41228572	0.42133334	0.415	[1.0, 0.72619045, 0.0, 0.99717516, 0.99714285, 0.0, 0.42655367, 0.0, 0.0, 0.0]	[1.0, 0.7134146, 0.0, 1.0, 1.0, 0.0, 0.44520548, 0.0, 0.0, 0.0]	[1.0, 0.722, 0.0, 0.998, 0.998, 0.0, 0.432, 0.0, 0.0, 0.0]	2.3592089e-05	2.8632465e-05
200	0.42	0.4	0.414	0.3597143	0.35666665	0.3588	[1.0, 0.5208333, 0.0, 0.8361582, 1.0, 0.0, 0.259887, 0.0, 0.0, 0.0]	[1.0, 0.47560975, 0.0, 0.75342464, 1.0, 0.0, 0.29452056, 0.0, 0.0, 0.0]	[1.0, 0.506, 0.0, 0.812, 1.0, 0.0, 0.27, 0.0, 0.0, 0.0]	4.0027546e-05	1.4839112e-05
210	0.45542857	0.45	0.4538	0.4277143	0.44066668	0.4316	[1.0, 0.9345238, 0.0, 0.99435025, 1.0, 0.0, 0.38135594, 0.0, 0.0, 0.0]	[1.0, 0.9207317, 0.0, 1.0, 1.0, 0.0, 0.41095892, 0.0, 0.0, 0.0]	[1.0, 0.93, 0.0, 0.996, 1.0, 0.0, 0.39, 0.0, 0.0, 0.0]	6.839179e-05	5.799113e-06
220	0.458	0.45266667	0.4564	0.44514287	0.454	0.4478	[1.0, 1.0, 0.0, 1.0, 0.99714285, 0.0, 0.48870057, 0.0, 0.0, 0.0]	[1.0, 1.0, 0.0, 1.0, 1.0, 0.0, 0.45890412, 0.0, 0.0, 0.0]	[1.0, 1.0, 0.0, 1.0, 0.998, 0.0, 0.48, 0.0, 0.0, 0.0]	0.00016898056	4.0546875e-05
230	0.46742857	0.46	0.4652	0.44885713	0.46133333	0.4526	[1.0, 0.99404764, 0.0, 0.99435025, 1.0, 0.0, 0.5338983, 0.0, 0.0, 0.0]	[1.0, 1.0, 0.0, 1.0, 1.0, 0.0, 0.53424656, 0.0, 0.0, 0.0]	[1.0, 0.996, 0.0, 0.996, 1.0, 0.0, 0.534, 0.0, 0.0, 0.0]	0.00017039082	4.7196983e-05
240	0.48142856	0.47866666	0.4806	0.468	0.472	0.4692	[1.0, 1.0, 0.0, 1.0, 0.9742857, 0.0, 0.7372881, 0.0, 0.0, 0.0]	[1.0, 1.0, 0.0, 1.0, 0.9533333, 0.0, 0.6917808, 0.0, 0.0, 0.0]	[1.0, 1.0, 0.0, 1.0, 0.968, 0.0, 0.724, 0.0, 0.0, 0.0]	0.00019339961	7.2077266e-05
250	0.47114286	0.46333334	0.4688	0.44257143	0.45533332	0.4464	[1.0, 1.0, 0.0, 0.9915254, 1.0, 0.0, 0.46892655, 0.0, 0.0, 0.0]	[1.0, 1.0, 0.0, 0.9931507, 1.0, 0.0, 0.47945204, 0.0, 0.0, 0.0]	[1.0, 1.0, 0.0, 0.992, 1.0, 0.0, 0.472, 0.0, 0.0, 0.0]	0.000269467	4.7041103e-05
260	0.5228571	0.5133333	0.52	0.47685716	0.48266667	0.4786	[1.0, 0.9910714, 0.0057142857, 1.0, 1.0, 0.0, 0.80225986, 0.0, 0.0, 0.0]	[1.0, 0.9878049, 0.006666667, 1.0, 1.0, 0.0, 0.760274, 0.0, 0.0, 0.0]	[1.0, 0.99, 0.006, 1.0, 1.0, 0.0, 0.79, 0.0, 0.0, 0.0]	0.0003262516	7.8490935e-05
270	0.48257142	0.47933334	0.4816	0.46685714	0.47333333	0.4688	[1.0, 1.0, 0.0, 1.0, 1.0, 0.0, 0.700565, 0.0, 0.0, 0.0]	[1.0, 1.0, 0.0, 1.0, 1.0, 0.0, 0.65753424, 0.0, 0.0, 0.0]	[1.0, 1.0, 0.0, 1.0, 1.0, 0.0, 0.688, 0.0, 0.0, 0.0]	0.00042052474	9.970565e-05
280	0.5157143	0.502	0.5116	0.46771428	0.47466666	0.4698	[1.0, 1.0, 0.0028571428, 1.0, 1.0, 0.0, 0.70621467, 0.0, 0.0, 0.0]	[1.0, 1.0, 0.006666667, 1.0, 1.0, 0.0, 0.6643836, 0.0, 0.0, 0.0]	[1.0, 1.0, 0.004, 1.0, 1.0, 0.0, 0.694, 0.0, 0.0, 0.0]	0.0005343589	6.0046674e-05
290	0.554	0.542	0.5504	0.486	0.49066666	0.4874	[1.0, 1.0, 0.034285713, 1.0, 1.0, 0.0, 0.8559322, 0.0, 0.0, 0.0]	[1.0, 1.0, 0.046666667, 1.0, 1.0, 0.0, 0.7876712, 0.0, 0.0, 0.0]	[1.0, 1.0, 0.038, 1.0, 1.0, 0.0, 0.836, 0.0, 0.0, 0.0]	0.00062752934	6.919401e-05
300	0.55542856	0.546	0.5526	0.48514286	0.49133334	0.487	[1.0, 1.0, 0.05142857, 1.0, 1.0, 0.0, 0.8305085, 0.0, 0.0, 0.0]	[1.0, 1.0, 0.046666667, 1.0, 1.0, 0.0, 0.79452056, 0.0, 0.0, 0.0]	[1.0, 1.0, 0.05, 1.0, 1.0, 0.0, 0.82, 0.0, 0.0, 0.0]	0.00077506155	5.2263495e-05
310	0.586	0.59066665	0.5874	0.526	0.53466666	0.5286	[1.0, 0.9970238, 0.42285714, 1.0, 1.0, 0.0, 0.8615819, 0.0, 0.0088495575, 0.0]	[1.0, 1.0, 0.44666666, 1.0, 1.0, 0.0, 0.8287671, 0.0, 0.0, 0.0]	[1.0, 0.998, 0.43, 1.0, 1.0, 0.0, 0.852, 0.0, 0.006, 0.0]	0.0008406285	3.2798853e-05
320	0.582	0.58533335	0.583	0.5254286	0.5286667	0.5264	[1.0, 1.0, 0.35714287, 1.0, 1.0, 0.0, 0.8785311, 0.0, 0.050147492, 0.0]	[1.0, 1.0, 0.34666666, 1.0, 1.0, 0.0, 0.8356164, 0.0, 0.031055901, 0.0]	[1.0, 1.0, 0.354, 1.0, 1.0, 0.0, 0.866, 0.0, 0.044, 0.0]	0.0009201295	3.1703967e-05
330	0.5705714	0.572	0.571	0.50314283	0.506	0.504	[1.0, 1.0, 0.2, 1.0, 1.0, 0.0, 0.8276836, 0.0, 0.03539823, 0.0]	[1.0, 1.0, 0.19333333, 1.0, 1.0, 0.0, 0.7671233, 0.0, 0.024844721, 0.0]	[1.0, 1.0, 0.198, 1.0, 1.0, 0.0, 0.81, 0.0, 0.032, 0.0]	0.0010838043	9.355601e-06
340	0.6011429	0.60733336	0.603	0.5602857	0.5653333	0.5618	[1.0, 1.0, 0.6, 1.0, 1.0, 0.002762431, 0.9322034, 0.0, 0.100294985, 0.0]	[1.0, 1.0, 0.54, 1.0, 1.0, 0.007246377, 0.9246575, 0.0, 0.10559006, 0.0]	[1.0, 1.0, 0.582, 1.0, 1.0, 0.004, 0.93, 0.0, 0.102, 0.0]	0.0011605285	3.3118762e-05
350	0.60714287	0.60866666	0.6076	0.54885715	0.5566667	0.5512	[1.0, 1.0, 0.47142857, 1.0, 1.0, 0.011049724, 0.9519774, 0.0028985508, 0.04719764, 0.032967035]	[1.0, 1.0, 0.47333333, 1.0, 1.0, 0.007246377, 0.94520545, 0.012903226, 0.024844721, 0.036764707]	[1.0, 1.0, 0.472, 1.0, 1.0, 0.01, 0.95, 0.006, 0.04, 0.034]	0.0013507716	3.9059087e-05
360	0.64857143	0.646	0.6478	0.6282857	0.63	0.6288	[1.0, 1.0, 0.6142857, 1.0, 1.0, 0.06906077, 0.9237288, 0.43188405, 0.27728614, 0.008241759]	[1.0, 1.0, 0.58, 1.0, 1.0, 0.08695652, 0.9041096, 0.36129034, 0.27329192, 0.0]	[1.0, 1.0, 0.604, 1.0, 1.0, 0.074, 0.918, 0.41, 0.276, 0.006]	0.0014840327	7.8450306e-05
370	0.6388571	0.6446667	0.6406	0.61485714	0.62733334	0.6186	[1.0, 1.0, 0.7885714, 1.0, 1.0, 0.027624309, 0.9576271, 0.0, 0.40707964, 0.008241759]	[1.0, 1.0, 0.7733333, 1.0, 1.0, 0.036231883, 0.94520545, 0.0, 0.41614908, 0.007352941]	[1.0, 1.0, 0.784, 1.0, 1.0, 0.03, 0.954, 0.0, 0.41, 0.008]	0.0015114238	0.00010594493
380	0.6405714	0.636	0.6392	0.58285713	0.59933335	0.5878	[1.0, 1.0, 0.6028572, 1.0, 1.0, 0.044198897, 0.90677965, 0.0, 0.2979351, 0.013736264]	[1.0, 1.0, 0.62, 1.0, 1.0, 0.06521739, 0.8767123, 0.0, 0.3416149, 0.0]	[1.0, 1.0, 0.608, 1.0, 1.0, 0.05, 0.898, 0.0, 0.312, 0.01]	0.0017099306	9.64473e-05
390	0.6842857	0.692	0.6866	0.6422857	0.6533333	0.6456	[1.0, 1.0, 0.6457143, 1.0, 1.0, 0.21546961, 0.94350284, 0.29275364, 0.30678466, 0.052197803]	[1.0, 1.0, 0.6333333, 1.0, 1.0, 0.24637681, 0.9246575, 0.31612903, 0.26708075, 0.073529415]	[1.0, 1.0, 0.642, 1.0, 1.0, 0.224, 0.938, 0.3, 0.294, 0.058]	0.0017641531	0.0001637974
400	0.7382857	0.7326667	0.7366	0.6785714	0.67866665	0.6786	[1.0, 1.0, 0.42, 1.0, 1.0, 0.39779004, 0.96892655, 0.81449276, 0.1179941, 0.093406595]	[1.0, 1.0, 0.36, 1.0, 1.0, 0.42753622, 0.9520548, 0.7419355, 0.0931677, 0.16176471]	[1.0, 1.0, 0.402, 1.0, 1.0, 0.406, 0.964, 0.792, 0.11, 0.112]	0.0019549252	0.0001147897
410	0.78571427	0.7686667	0.7806	0.7491429	0.75666666	0.7514	[1.0, 1.0, 0.5857143, 1.0, 1.0, 0.70718235, 0.93502825, 0.9884058, 0.24483776, 0.054945055]	[1.0, 1.0, 0.56, 1.0, 1.0, 0.6884058, 0.9315069, 0.9677419, 0.24844721, 0.11764706]	[1.0, 1.0, 0.578, 1.0, 1.0, 0.702, 0.934, 0.982, 0.246, 0.072]	0.0020497357	0.0001950867
420	0.7542857	0.75266665	0.7538	0.7451429	0.75	0.7466	[1.0, 1.0, 0.68857145, 1.0, 1.0, 0.6132597, 0.9830508, 0.6289855, 0.56047195, 0.010989011]	[1.0, 1.0, 0.6666667, 1.0, 1.0, 0.6086956, 0.9794521, 0.61935484, 0.54037267, 0.007352941]	[1.0, 1.0, 0.682, 1.0, 1.0, 0.612, 0.982, 0.626, 0.554, 0.01]	0.002024985	0.00019637682
430	0.7402857	0.728	0.7366	0.68542856	0.69133335	0.6872	[1.0, 1.0, 0.5542857, 1.0, 1.0, 0.63812155, 0.94067794, 0.16231884, 0.5516224, 0.032967035]	[1.0, 1.0, 0.5, 1.0, 1.0, 0.6304348, 0.93835616, 0.20645161, 0.55279505, 0.022058824]	[1.0, 1.0, 0.538, 1.0, 1.0, 0.636, 0.94, 0.176, 0.552, 0.03]	0.0021619564	0.0001976291
440	0.7728571	0.76066667	0.7692	0.7534286	0.744	0.7506	[1.0, 1.0, 0.48285714, 1.0, 1.0, 0.839779, 0.9463277, 0.81449276, 0.41297936, 0.06043956]	[1.0, 1.0, 0.46, 1.0, 1.0, 0.78985506, 0.91780823, 0.7225807, 0.42236024, 0.073529415]	[1.0, 1.0, 0.476, 1.0, 1.0, 0.826, 0.938, 0.786, 0.416, 0.064]	0.0022764262	0.000260056
450	0.81942856	0.804	0.8148	0.7802857	0.782	0.7808	[1.0, 1.0, 0.46571428, 1.0, 1.0, 0.9751381, 0.9858757, 0.9942029, 0.2979351, 0.0989011]	[1.0, 1.0, 0.41333333, 1.0, 1.0, 0.9710145, 0.9794521, 0.9870968, 0.3043478, 0.13235295]	[1.0, 1.0, 0.45, 1.0, 1.0, 0.974, 0.984, 0.992, 0.3, 0.108]	0.0023717955	0.00019793678
460	0.83514285	0.82533336	0.8322	0.7731429	0.7673333	0.7714	[1.0, 1.0, 0.34571427, 1.0, 1.0, 0.9861878, 0.980226, 1.0, 0.18879056, 0.23626374]	[1.0, 1.0, 0.28666666, 1.0, 1.0, 1.0, 0.9794521, 0.9935484, 0.16770187, 0.23529412]	[1.0, 1.0, 0.328, 1.0, 1.0, 0.99, 0.98, 0.998, 0.182, 0.236]	0.0025293538	0.00022295164
470	0.84828573	0.8433333	0.8468	0.77914286	0.7786667	0.779	[1.0, 1.0, 0.2942857, 1.0, 1.0, 1.0, 0.9858757, 0.9971014, 0.53687316, 0.0027472528]	[1.0, 1.0, 0.26, 1.0, 1.0, 1.0, 0.9726027, 0.9741936, 0.5217391, 0.0]	[1.0, 1.0, 0.284, 1.0, 1.0, 1.0, 0.982, 0.99, 0.532, 0.002]	0.002529949	0.00024356297
480	0.80285716	0.7926667	0.7998	0.73085713	0.72933334	0.7304	[1.0, 1.0, 0.23142858, 1.0, 1.0, 0.9668508, 0.9858757, 0.45507246, 0.6814159, 0.010989011]	[1.0, 1.0, 0.14666666, 1.0, 1.0, 0.9710145, 0.96575344, 0.45806453, 0.68944097, 0.007352941]	[1.0, 1.0, 0.206, 1.0, 1.0, 0.968, 0.98, 0.456, 0.684, 0.01]	0.0025746413	0.0002157474
490	0.8257143	0.808	0.8204	0.7871429	0.78466666	0.7864	[1.0, 1.0, 0.36285713, 1.0, 1.0, 0.9944751, 0.9661017, 0.9391304, 0.539823, 0.09065934]	[1.0, 1.0, 0.31333333, 1.0, 1.0, 1.0, 0.9589041, 0.88387096, 0.5590062, 0.080882356]	[1.0, 1.0, 0.348, 1.0, 1.0, 0.996, 0.964, 0.922, 0.546, 0.088]	0.0027719187	0.00027217728
500	0.84742856	0.8426667	0.846	0.79085714	0.7953333	0.7922	[1.0, 1.0, 0.37142858, 1.0, 1.0, 1.0, 0.98870057, 1.0, 0.40707964, 0.15659341]	[1.0, 1.0, 0.34, 1.0, 1.0, 1.0, 0.98630136, 0.9935484, 0.4409938, 0.15441176]	[1.0, 1.0, 0.362, 1.0, 1.0, 1.0, 0.988, 0.998, 0.418, 0.156]	0.0028132629	0.00025339262
510	0.8722857	0.86466664	0.87	0.78171426	0.77666664	0.7802	[1.0, 1.0, 0.117142856, 1.0, 1.0, 1.0, 0.98870057, 1.0, 0.24483776, 0.4642857]	[1.0, 1.0, 0.086666666, 1.0, 1.0, 1.0, 0.9931507, 1.0, 0.26086956, 0.42647058]	[1.0, 1.0, 0.108, 1.0, 1.0, 1.0, 0.99, 1.0, 0.25, 0.454]	0.003098391	0.00015858351
520	0.87371427	0.86333334	0.8706	0.766	0.772	0.7678	[1.0, 1.0, 0.19142857, 1.0, 1.0, 1.0, 0.980226, 1.0, 0.4719764, 0.03846154]	[1.0, 1.0, 0.15333334, 1.0, 1.0, 1.0, 0.9726027, 1.0, 0.51552796, 0.022058824]	[1.0, 1.0, 0.18, 1.0, 1.0, 1.0, 0.978, 1.0, 0.486, 0.034]	0.0031332765	0.00028025475
530	0.85485715	0.8473333	0.8526	0.77114284	0.76666665	0.7698	[1.0, 1.0, 0.20285714, 1.0, 1.0, 1.0, 0.99435025, 0.84347826, 0.69911504, 0.0]	[1.0, 1.0, 0.14666666, 1.0, 1.0, 1.0, 0.9931507, 0.78064513, 0.6832298, 0.0]	[1.0, 1.0, 0.186, 1.0, 1.0, 1.0, 0.994, 0.824, 0.694, 0.0]	0.0031461194	0.00025045546
540	0.8542857	0.8386667	0.8496	0.77914286	0.772	0.777	[1.0, 1.0, 0.22, 1.0, 1.0, 1.0, 0.97740114, 0.93043476, 0.64896756, 0.041208792]	[1.0, 1.0, 0.16, 1.0, 1.0, 1.0, 0.9589041, 0.87096775, 0.63975155, 0.029411765]	[1.0, 1.0, 0.202, 1.0, 1.0, 1.0, 0.972, 0.912, 0.646, 0.038]	0.0033774804	0.00029010372
550	0.88028574	0.8706667	0.8774	0.78885716	0.7873333	0.7884	[1.0, 1.0, 0.16571428, 1.0, 1.0, 1.0, 0.9858757, 1.0, 0.53097343, 0.22252747]	[1.0, 1.0, 0.10666667, 1.0, 1.0, 1.0, 0.98630136, 0.9935484, 0.55279505, 0.19117647]	[1.0, 1.0, 0.148, 1.0, 1.0, 1.0, 0.986, 0.998, 0.538, 0.214]	0.003487017	0.00027979538
560	0.8897143	0.8753333	0.8854	0.7788572	0.78066665	0.7794	[1.0, 1.0, 0.03142857, 1.0, 1.0, 1.0, 0.99435025, 1.0, 0.38053098, 0.38736263]	[1.0, 1.0, 0.02, 1.0, 1.0, 1.0, 0.9931507, 1.0, 0.4037267, 0.375]	[1.0, 1.0, 0.028, 1.0, 1.0, 1.0, 0.994, 1.0, 0.388, 0.384]	0.0037036994	0.0001647633
570	0.88942856	0.874	0.8848	0.7737143	0.77066666	0.7728	[1.0, 1.0, 0.06, 1.0, 1.0, 1.0, 0.99435025, 1.0, 0.4159292, 0.27747253]	[1.0, 1.0, 0.026666667, 1.0, 1.0, 1.0, 0.9931507, 1.0, 0.42857143, 0.22794117]	[1.0, 1.0, 0.05, 1.0, 1.0, 1.0, 0.994, 1.0, 0.42, 0.264]	0.003841485	0.00024374574
580	0.8905714	0.884	0.8886	0.7714286	0.77666664	0.773	[1.0, 1.0, 0.1, 1.0, 1.0, 1.0, 0.99717516, 0.9971014, 0.64896756, 0.0]	[1.0, 1.0, 0.06666667, 1.0, 1.0, 1.0, 0.9931507, 0.9935484, 0.6459627, 0.0]	[1.0, 1.0, 0.09, 1.0, 1.0, 1.0, 0.996, 0.996, 0.648, 0.0]	0.003862423	0.00027518626
590	0.8848571	0.87333333	0.8814	0.766	0.768	0.7666	[1.0, 1.0, 0.071428575, 1.0, 1.0, 1.0, 0.9915254, 0.90144926, 0.7227139, 0.0027472528]	[1.0, 1.0, 0.053333335, 1.0, 1.0, 1.0, 0.9931507, 0.83225805, 0.7329193, 0.0]	[1.0, 1.0, 0.066, 1.0, 1.0, 1.0, 0.992, 0.88, 0.726, 0.002]	0.004028961	0.0002808671
600	0.90657145	0.89133334	0.902	0.7702857	0.77533334	0.7718	[1.0, 1.0, 0.045714285, 1.0, 1.0, 1.0, 0.9858757, 1.0, 0.58112097, 0.11263736]	[1.0, 1.0, 0.026666667, 1.0, 1.0, 1.0, 0.9931507, 1.0, 0.60248446, 0.073529415]	[1.0, 1.0, 0.04, 1.0, 1.0, 1.0, 0.988, 1.0, 0.588, 0.102]	0.0042244596	0.00025767786
610	0.8922857	0.8793333	0.8884	0.758	0.76266664	0.7594	[1.0, 1.0, 0.054285713, 1.0, 1.0, 1.0, 1.0, 1.0, 0.48082596, 0.06593407]	[1.0, 1.0, 0.02, 1.0, 1.0, 1.0, 0.9931507, 1.0, 0.51552796, 0.04411765]	[1.0, 1.0, 0.044, 1.0, 1.0, 1.0, 0.998, 1.0, 0.492, 0.06]	0.004296462	0.00022297306
620	0.90257144	0.8806667	0.896	0.7877143	0.798	0.7908	[1.0, 1.0, 0.025714286, 1.0, 1.0, 1.0, 0.99717516, 1.0, 0.4159292, 0.44230768]	[1.0, 1.0, 0.013333334, 1.0, 1.0, 1.0, 0.9931507, 1.0, 0.46583852, 0.5]	[1.0, 1.0, 0.022, 1.0, 1.0, 1.0, 0.996, 1.0, 0.432, 0.458]	0.004523202	0.00020262739
630	0.90342855	0.894	0.9006	0.75942856	0.77	0.7626	[1.0, 1.0, 0.011428571, 1.0, 1.0, 1.0, 0.99717516, 1.0, 0.6135693, 0.0]	[1.0, 1.0, 0.006666667, 1.0, 1.0, 1.0, 0.9931507, 1.0, 0.6335404, 0.0]	[1.0, 1.0, 0.01, 1.0, 1.0, 1.0, 0.996, 1.0, 0.62, 0.0]	0.0045546144	0.00025072717
640	0.9014286	0.8973333	0.9002	0.76685715	0.7686667	0.7674	[1.0, 1.0, 0.037142858, 1.0, 1.0, 1.0, 0.99717516, 0.915942, 0.7492625, 0.0]	[1.0, 1.0, 0.02, 1.0, 1.0, 1.0, 0.9931507, 0.87096775, 0.7329193, 0.0]	[1.0, 1.0, 0.032, 1.0, 1.0, 1.0, 0.996, 0.902, 0.744, 0.0]	0.0046531493	0.00028410973
650	0.9094286	0.906	0.9084	0.7728571	0.77933335	0.7748	[1.0, 1.0, 0.04, 1.0, 1.0, 1.0, 0.9915254, 1.0, 0.66076696, 0.06318682]	[1.0, 1.0, 0.04, 1.0, 1.0, 1.0, 0.9931507, 0.9935484, 0.65217394, 0.05147059]	[1.0, 1.0, 0.04, 1.0, 1.0, 1.0, 0.992, 0.998, 0.658, 0.06]	0.004958071	0.00028851
660	0.9111429	0.892	0.9054	0.76514286	0.77066666	0.7668	[1.0, 1.0, 0.017142856, 1.0, 1.0, 1.0, 1.0, 1.0, 0.54867256, 0.10714286]	[1.0, 1.0, 0.013333334, 1.0, 1.0, 1.0, 0.9931507, 1.0, 0.57763976, 0.066176474]	[1.0, 1.0, 0.016, 1.0, 1.0, 1.0, 0.998, 1.0, 0.558, 0.096]	0.004999359	0.00025005196
670	0.91	0.89133334	0.9044	0.768	0.77066666	0.7688	[1.0, 1.0, 0.0028571428, 1.0, 1.0, 1.0, 0.99717516, 1.0, 0.460177, 0.23351648]	[1.0, 1.0, 0.0, 1.0, 1.0, 1.0, 0.9931507, 1.0, 0.51552796, 0.15441176]	[1.0, 1.0, 0.002, 1.0, 1.0, 1.0, 0.996, 1.0, 0.478, 0.212]	0.0051618293	0.00015350687
680	0.91314286	0.8986667	0.9088	0.75371426	0.7633333	0.7566	[1.0, 1.0, 0.0057142857, 1.0, 1.0, 1.0, 0.99435025, 1.0, 0.56047195, 0.0027472528]	[1.0, 1.0, 0.0, 1.0, 1.0, 1.0, 0.9931507, 1.0, 0.57763976, 0.0]	[1.0, 1.0, 0.004, 1.0, 1.0, 1.0, 0.994, 1.0, 0.566, 0.002]	0.005287827	0.00020829355
690	0.91257143	0.912	0.9124	0.7702857	0.77533334	0.7718	[1.0, 1.0, 0.034285713, 1.0, 1.0, 1.0, 1.0, 0.9971014, 0.7020649, 0.0]	[1.0, 1.0, 0.013333334, 1.0, 1.0, 1.0, 0.9931507, 0.9741936, 0.70186335, 0.0]	[1.0, 1.0, 0.028, 1.0, 1.0, 1.0, 0.998, 0.99, 0.702, 0.0]	0.0053625265	0.00028556376
700	0.9168571	0.9166667	0.9168	0.77114284	0.778	0.7732	[1.0, 1.0, 0.037142858, 1.0, 1.0, 1.0, 0.99717516, 0.9971014, 0.6961652, 0.013736264]	[1.0, 1.0, 0.02, 1.0, 1.0, 1.0, 0.9931507, 0.9806452, 0.70186335, 0.014705882]	[1.0, 1.0, 0.032, 1.0, 1.0, 1.0, 0.996, 0.992, 0.698, 0.014]	0.0056302547	0.0002974451
710	0.9234286	0.91066664	0.9196	0.75885713	0.768	0.7616	[1.0, 1.0, 0.0028571428, 1.0, 1.0, 1.0, 0.9915254, 1.0, 0.58112097, 0.03846154]	[1.0, 1.0, 0.0, 1.0, 1.0, 1.0, 0.9931507, 1.0, 0.60248446, 0.022058824]	[1.0, 1.0, 0.002, 1.0, 1.0, 1.0, 0.992, 1.0, 0.588, 0.034]	0.005723119	0.00020721601
720	0.9114286	0.894	0.9062	0.7502857	0.76133335	0.7536	[1.0, 1.0, 0.0028571428, 1.0, 1.0, 1.0, 1.0, 1.0, 0.51917404, 0.0054945056]	[1.0, 1.0, 0.0, 1.0, 1.0, 1.0, 0.9931507, 1.0, 0.5590062, 0.0]	[1.0, 1.0, 0.002, 1.0, 1.0, 1.0, 0.998, 1.0, 0.532, 0.004]	0.005762348	0.00018626894
730	0.9185714	0.904	0.9142	0.762	0.76533335	0.763	[1.0, 1.0, 0.0028571428, 1.0, 1.0, 1.0, 0.99717516, 1.0, 0.54867256, 0.093406595]	[1.0, 1.0, 0.0, 1.0, 1.0, 1.0, 0.9931507, 1.0, 0.5714286, 0.029411765]	[1.0, 1.0, 0.002, 1.0, 1.0, 1.0, 0.996, 1.0, 0.556, 0.076]	0.005953367	0.00020366418
740	0.92457145	0.92	0.9232	0.76714283	0.77466667	0.7694	[1.0, 1.0, 0.0, 1.0, 1.0, 1.0, 1.0, 1.0, 0.7020649, 0.0]	[1.0, 1.0, 0.0, 1.0, 1.0, 1.0, 0.9931507, 0.9935484, 0.68944097, 0.0]	[1.0, 1.0, 0.0, 1.0, 1.0, 1.0, 0.998, 0.998, 0.698, 0.0]	0.0060292017	0.00023174565
750	0.93114287	0.928	0.9302	0.772	0.7786667	0.774	[1.0, 1.0, 0.0, 1.0, 1.0, 1.0, 0.99717516, 0.9884058, 0.76696163, 0.0]	[1.0, 1.0, 0.0, 1.0, 1.0, 1.0, 0.9931507, 0.9548387, 0.76397514, 0.0]	[1.0, 1.0, 0.0, 1.0, 1.0, 1.0, 0.996, 0.978, 0.766, 0.0]	0.006238524	0.00026913034
760	0.93	0.92466664	0.9284	0.77	0.77466667	0.7714	[1.0, 1.0, 0.0028571428, 1.0, 1.0, 1.0, 1.0, 1.0, 0.6637168, 0.06043956]	[1.0, 1.0, 0.0, 1.0, 1.0, 1.0, 0.9931507, 1.0, 0.6459627, 0.04411765]	[1.0, 1.0, 0.002, 1.0, 1.0, 1.0, 0.998, 1.0, 0.658, 0.056]	0.006474821	0.00023771147
770	0.92285717	0.9126667	0.9198	0.75885713	0.76666665	0.7612	[1.0, 1.0, 0.0028571428, 1.0, 1.0, 1.0, 1.0, 1.0, 0.6076696, 0.0054945056]	[1.0, 1.0, 0.0, 1.0, 1.0, 1.0, 0.9931507, 1.0, 0.6086956, 0.0]	[1.0, 1.0, 0.002, 1.0, 1.0, 1.0, 0.998, 1.0, 0.608, 0.004]	0.0064415964	0.00022320636
780	0.92314285	0.90933335	0.919	0.7645714	0.77	0.7662	[1.0, 1.0, 0.0, 1.0, 1.0, 1.0, 1.0, 1.0, 0.5339233, 0.13186814]	[1.0, 1.0, 0.0, 1.0, 1.0, 1.0, 0.9931507, 1.0, 0.5714286, 0.080882356]	[1.0, 1.0, 0.0, 1.0, 1.0, 1.0, 0.998, 1.0, 0.546, 0.118]	0.0066272267	0.00020240457
790	0.93057144	0.9253333	0.929	0.7662857	0.774	0.7686	[1.0, 1.0, 0.0, 1.0, 1.0, 1.0, 1.0, 1.0, 0.6932153, 0.0]	[1.0, 1.0, 0.0, 1.0, 1.0, 1.0, 0.9931507, 1.0, 0.67701864, 0.0]	[1.0, 1.0, 0.0, 1.0, 1.0, 1.0, 0.998, 1.0, 0.688, 0.0]	0.0067175305	0.000167188
800	0.93942857	0.936	0.9384	0.7737143	0.7813333	0.776	[1.0, 1.0, 0.0, 1.0, 1.0, 1.0, 1.0, 0.9942029, 0.7758112, 0.0]	[1.0, 1.0, 0.0, 1.0, 1.0, 1.0, 0.9931507, 0.9741936, 0.77018636, 0.0]	[1.0, 1.0, 0.0, 1.0, 1.0, 1.0, 0.998, 0.988, 0.774, 0.0]	0.006882902	0.00030839117
810	0.9391429	0.93333334	0.9374	0.7754286	0.7813333	0.7772	[1.0, 1.0, 0.0028571428, 1.0, 1.0, 1.0, 1.0, 1.0, 0.7138643, 0.06593407]	[1.0, 1.0, 0.0, 1.0, 1.0, 1.0, 0.9931507, 0.9935484, 0.70186335, 0.05882353]	[1.0, 1.0, 0.002, 1.0, 1.0, 1.0, 0.998, 0.998, 0.71, 0.064]	0.0071335756	0.00029319152
820	0.9382857	0.9293333	0.9356	0.7645714	0.772	0.7668	[1.0, 1.0, 0.0, 1.0, 1.0, 1.0, 1.0, 1.0, 0.6696165, 0.0054945056]	[1.0, 1.0, 0.0, 1.0, 1.0, 1.0, 0.9931507, 1.0, 0.6583851, 0.0]	[1.0, 1.0, 0.0, 1.0, 1.0, 1.0, 0.998, 1.0, 0.666, 0.004]	0.007162337	0.0001984043
830	0.9285714	0.9173333	0.9252	0.75685716	0.766	0.7596	[1.0, 1.0, 0.0, 1.0, 1.0, 1.0, 1.0, 1.0, 0.5781711, 0.016483517]	[1.0, 1.0, 0.0, 1.0, 1.0, 1.0, 0.9931507, 1.0, 0.60248446, 0.0]	[1.0, 1.0, 0.0, 1.0, 1.0, 1.0, 0.998, 1.0, 0.586, 0.012]	0.007202025	0.00017170608
840	0.9365714	0.928	0.934	0.7645714	0.7726667	0.767	[1.0, 1.0, 0.0, 1.0, 1.0, 1.0, 1.0, 1.0, 0.67551625, 0.0]	[1.0, 1.0, 0.0, 1.0, 1.0, 1.0, 0.9931507, 1.0, 0.66459626, 0.0]	[1.0, 1.0, 0.0, 1.0, 1.0, 1.0, 0.998, 1.0, 0.672, 0.0]	0.0073638805	0.00018348242
850	0.9448571	0.94	0.9434	0.77257144	0.78	0.7748	[1.0, 1.0, 0.0, 1.0, 1.0, 1.0, 1.0, 1.0, 0.7581121, 0.0]	[1.0, 1.0, 0.0, 1.0, 1.0, 1.0, 0.9931507, 0.9935484, 0.73913044, 0.0]	[1.0, 1.0, 0.0, 1.0, 1.0, 1.0, 0.998, 0.998, 0.752, 0.0]	0.007498145	0.00027081743
860	0.9497143	0.94533336	0.9484	0.776	0.782	0.7778	[1.0, 1.0, 0.0, 1.0, 1.0, 1.0, 1.0, 1.0, 0.7817109, 0.010989011]	[1.0, 1.0, 0.0, 1.0, 1.0, 1.0, 0.9931507, 0.9870968, 0.757764, 0.007352941]	[1.0, 1.0, 0.0, 1.0, 1.0, 1.0, 0.998, 0.996, 0.774, 0.01]	0.007733091	0.00029730215
870	0.9457143	0.93733335	0.9432	0.76771426	0.7733333	0.7694	[1.0, 1.0, 0.0, 1.0, 1.0, 1.0, 0.99717516, 1.0, 0.70501477, 0.0054945056]	[1.0, 1.0, 0.0, 1.0, 1.0, 1.0, 0.9931507, 1.0, 0.6708075, 0.0]	[1.0, 1.0, 0.0, 1.0, 1.0, 1.0, 0.996, 1.0, 0.694, 0.004]	0.0078394255	0.00017021107
880	0.9357143	0.928	0.9334	0.7648571	0.772	0.767	[1.0, 1.0, 0.0, 1.0, 1.0, 1.0, 1.0, 1.0, 0.67551625, 0.0027472528]	[1.0, 1.0, 0.0, 1.0, 1.0, 1.0, 0.9931507, 1.0, 0.6583851, 0.0]	[1.0, 1.0, 0.0, 1.0, 1.0, 1.0, 0.998, 1.0, 0.67, 0.002]	0.007819753	0.0002106824
890	0.93942857	0.9306667	0.9368	0.7702857	0.7733333	0.7712	[1.0, 1.0, 0.0, 1.0, 1.0, 1.0, 1.0, 1.0, 0.63126844, 0.09615385]	[1.0, 1.0, 0.0, 1.0, 1.0, 1.0, 0.9931507, 1.0, 0.6273292, 0.05147059]	[1.0, 1.0, 0.0, 1.0, 1.0, 1.0, 0.998, 1.0, 0.63, 0.084]	0.0080304	0.0002553675
900	0.9514286	0.94666666	0.95	0.774	0.7826667	0.7766	[1.0, 1.0, 0.0, 1.0, 1.0, 1.0, 1.0, 1.0, 0.77286136, 0.0]	[1.0, 1.0, 0.0, 1.0, 1.0, 1.0, 0.9931507, 0.9935484, 0.76397514, 0.0]	[1.0, 1.0, 0.0, 1.0, 1.0, 1.0, 0.998, 0.998, 0.77, 0.0]	0.008060072	0.0002021715
910	0.95914286	0.95133334	0.9568	0.77828574	0.7866667	0.7808	[1.0, 1.0, 0.0, 1.0, 1.0, 1.0, 1.0, 1.0, 0.81710917, 0.0]	[1.0, 1.0, 0.0, 1.0, 1.0, 1.0, 0.9931507, 0.9806452, 0.8074534, 0.007352941]	[1.0, 1.0, 0.0, 1.0, 1.0, 1.0, 0.998, 0.994, 0.814, 0.002]	0.008272729	0.00030713878
920	0.9514286	0.948	0.9504	0.7805714	0.78	0.7804	[1.0, 1.0, 0.0, 1.0, 1.0, 1.0, 0.99717516, 1.0, 0.7345133, 0.10164835]	[1.0, 1.0, 0.0, 1.0, 1.0, 1.0, 0.9931507, 1.0, 0.6956522, 0.04411765]	[1.0, 1.0, 0.0, 1.0, 1.0, 1.0, 0.996, 1.0, 0.722, 0.086]	0.0085169105	0.0002837549
930	0.95	0.94666666	0.949	0.7705714	0.77533334	0.772	[1.0, 1.0, 0.0, 1.0, 1.0, 1.0, 1.0, 1.0, 0.7345133, 0.0027472528]	[1.0, 1.0, 0.0, 1.0, 1.0, 1.0, 0.9931507, 1.0, 0.68944097, 0.0]	[1.0, 1.0, 0.0, 1.0, 1.0, 1.0, 0.998, 1.0, 0.72, 0.002]	0.0085309725	0.00023384043
940	0.9442857	0.936	0.9418	0.76714283	0.7726667	0.7688	[1.0, 1.0, 0.0, 1.0, 1.0, 1.0, 1.0, 1.0, 0.63126844, 0.06593407]	[1.0, 1.0, 0.0, 1.0, 1.0, 1.0, 0.9931507, 1.0, 0.6335404, 0.036764707]	[1.0, 1.0, 0.0, 1.0, 1.0, 1.0, 0.998, 1.0, 0.632, 0.058]	0.008649346	0.00022189971
950	0.95514286	0.95	0.9536	0.772	0.7826667	0.7752	[1.0, 1.0, 0.0, 1.0, 1.0, 1.0, 1.0, 1.0, 0.7522124, 0.0]	[1.0, 1.0, 0.0, 1.0, 1.0, 1.0, 0.9931507, 1.0, 0.757764, 0.0]	[1.0, 1.0, 0.0, 1.0, 1.0, 1.0, 0.998, 1.0, 0.754, 0.0]	0.008643539	0.00016750372
960	0.9597143	0.95533335	0.9584	0.77685714	0.786	0.7796	[1.0, 1.0, 0.0, 1.0, 1.0, 1.0, 1.0, 1.0, 0.8023599, 0.0]	[1.0, 1.0, 0.0, 1.0, 1.0, 1.0, 0.9931507, 0.9935484, 0.7950311, 0.0]	[1.0, 1.0, 0.0, 1.0, 1.0, 1.0, 0.998, 0.998, 0.8, 0.0]	0.008832284	0.00032754173
970	0.95942855	0.954	0.9578	0.78657144	0.792	0.7882	[1.0, 1.0, 0.0, 1.0, 1.0, 1.0, 0.99435025, 1.0, 0.7640118, 0.13461539]	[1.0, 1.0, 0.0, 1.0, 1.0, 1.0, 0.9931507, 1.0, 0.757764, 0.10294118]	[1.0, 1.0, 0.0, 1.0, 1.0, 1.0, 0.994, 1.0, 0.762, 0.126]	0.009126099	0.0003471414
980	0.9554286	0.954	0.955	0.7714286	0.7773333	0.7732	[1.0, 1.0, 0.0, 1.0, 1.0, 1.0, 1.0, 1.0, 0.74336284, 0.0027472528]	[1.0, 1.0, 0.0, 1.0, 1.0, 1.0, 0.9931507, 1.0, 0.7080745, 0.0]	[1.0, 1.0, 0.0, 1.0, 1.0, 1.0, 0.998, 1.0, 0.732, 0.002]	0.009165383	0.00019610627
990	0.9488571	0.944	0.9474	0.768	0.77466667	0.77	[1.0, 1.0, 0.0, 1.0, 1.0, 1.0, 1.0, 1.0, 0.7079646, 0.0027472528]	[1.0, 1.0, 0.0, 1.0, 1.0, 1.0, 1.0, 1.0, 0.67701864, 0.0]	[1.0, 1.0, 0.0, 1.0, 1.0, 1.0, 1.0, 1.0, 0.698, 0.002]	0.00913506	0.00022155
1000	0.95514286	0.95133334	0.954	0.772	0.776	0.7732	[1.0, 1.0, 0.0, 1.0, 1.0, 1.0, 1.0, 1.0, 0.74041295, 0.010989011]	[1.0, 1.0, 0.0, 1.0, 1.0, 1.0, 0.9931507, 1.0, 0.6956522, 0.0]	[1.0, 1.0, 0.0, 1.0, 1.0, 1.0, 0.998, 1.0, 0.726, 0.008]	0.009277383	0.0002535726
1010	0.96342856	0.9586667	0.962	0.77657145	0.7866667	0.7796	[1.0, 1.0, 0.0, 1.0, 1.0, 1.0, 1.0, 1.0, 0.79941005, 0.0]	[1.0, 1.0, 0.0, 1.0, 1.0, 1.0, 1.0, 0.9935484, 0.7950311, 0.0]	[1.0, 1.0, 0.0, 1.0, 1.0, 1.0, 1.0, 0.998, 0.798, 0.0]	0.009316682	0.0002580136
1020	0.9657143	0.962	0.9646	0.78257143	0.79	0.7848	[1.0, 1.0, 0.0, 1.0, 1.0, 1.0, 1.0, 1.0, 0.81710917, 0.041208792]	[1.0, 1.0, 0.0, 1.0, 1.0, 1.0, 0.9931507, 0.9935484, 0.80124223, 0.036764707]	[1.0, 1.0, 0.0, 1.0, 1.0, 1.0, 0.998, 0.998, 0.812, 0.04]	0.00959478	0.00033291196
1030	0.95914286	0.956	0.9582	0.77828574	0.7813333	0.7792	[1.0, 1.0, 0.0, 1.0, 1.0, 1.0, 0.99717516, 1.0, 0.7463127, 0.06868132]	[1.0, 1.0, 0.0, 1.0, 1.0, 1.0, 1.0, 1.0, 0.71428573, 0.029411765]	[1.0, 1.0, 0.0, 1.0, 1.0, 1.0, 0.998, 1.0, 0.736, 0.058]	0.009755505	0.00026112283
1040	0.9582857	0.956	0.9576	0.7722857	0.78	0.7746	[1.0, 1.0, 0.0, 1.0, 1.0, 1.0, 1.0, 1.0, 0.7522124, 0.0027472528]	[1.0, 1.0, 0.0, 1.0, 1.0, 1.0, 1.0, 1.0, 0.72670805, 0.0]	[1.0, 1.0, 0.0, 1.0, 1.0, 1.0, 1.0, 1.0, 0.744, 0.002]	0.00968338	0.00024301652
1050	0.9537143	0.948	0.952	0.77657145	0.7826667	0.7784	[1.0, 1.0, 0.0, 1.0, 1.0, 1.0, 0.99717516, 1.0, 0.6666667, 0.12637363]	[1.0, 1.0, 0.0, 1.0, 1.0, 1.0, 1.0, 1.0, 0.6583851, 0.11029412]	[1.0, 1.0, 0.0, 1.0, 1.0, 1.0, 0.998, 1.0, 0.664, 0.122]	0.009897213	0.00026574777
1060	0.96657145	0.96066666	0.9648	0.7771429	0.788	0.7804	[1.0, 1.0, 0.0, 1.0, 1.0, 1.0, 1.0, 1.0, 0.8053097, 0.0]	[1.0, 1.0, 0.0, 1.0, 1.0, 1.0, 1.0, 0.9935484, 0.8074534, 0.0]	[1.0, 1.0, 0.0, 1.0, 1.0, 1.0, 1.0, 0.998, 0.806, 0.0]	0.009747729	0.00019169459
1070	0.96885717	0.9633333	0.9672	0.78	0.78866667	0.7826	[1.0, 1.0, 0.0, 1.0, 1.0, 1.0, 1.0, 1.0, 0.8259587, 0.008241759]	[1.0, 1.0, 0.0, 1.0, 1.0, 1.0, 1.0, 0.9935484, 0.8136646, 0.0]	[1.0, 1.0, 0.0, 1.0, 1.0, 1.0, 1.0, 0.998, 0.822, 0.006]	0.009993919	0.00034447876
1080	0.96485716	0.96	0.9634	0.7951428	0.7966667	0.7956	[1.0, 1.0, 0.0, 1.0, 1.0, 1.0, 0.99435025, 1.0, 0.76106197, 0.21978022]	[1.0, 1.0, 0.0, 1.0, 1.0, 1.0, 1.0, 1.0, 0.7453416, 0.16176471]	[1.0, 1.0, 0.0, 1.0, 1.0, 1.0, 0.996, 1.0, 0.756, 0.204]	0.010292566	0.00033617043
1090	0.96685714	0.95933336	0.9646	0.7737143	0.786	0.7774	[1.0, 1.0, 0.0, 1.0, 1.0, 1.0, 1.0, 1.0, 0.76696163, 0.0027472528]	[1.0, 1.0, 0.0, 1.0, 1.0, 1.0, 1.0, 1.0, 0.7826087, 0.0]	[1.0, 1.0, 0.0, 1.0, 1.0, 1.0, 1.0, 1.0, 0.772, 0.002]	0.010269664	0.00023834454
1100	0.95714283	0.95266664	0.9558	0.7705714	0.778	0.7728	[1.0, 1.0, 0.0, 1.0, 1.0, 1.0, 0.99717516, 1.0, 0.6932153, 0.043956045]	[1.0, 1.0, 0.0, 1.0, 1.0, 1.0, 1.0, 1.0, 0.67701864, 0.036764707]	[1.0, 1.0, 0.0, 1.0, 1.0, 1.0, 0.998, 1.0, 0.688, 0.042]	0.010318134	0.00021042163
1110	0.9685714	0.96066666	0.9662	0.7754286	0.7873333	0.779	[1.0, 1.0, 0.0, 1.0, 1.0, 1.0, 1.0, 1.0, 0.78466076, 0.0027472528]	[1.0, 1.0, 0.0, 1.0, 1.0, 1.0, 1.0, 1.0, 0.7950311, 0.0]	[1.0, 1.0, 0.0, 1.0, 1.0, 1.0, 1.0, 1.0, 0.788, 0.002]	0.010293499	0.00023046648
1120	0.97057146	0.9633333	0.9684	0.77742857	0.788	0.7806	[1.0, 1.0, 0.0, 1.0, 1.0, 1.0, 1.0, 1.0, 0.8053097, 0.0027472528]	[1.0, 1.0, 0.0, 1.0, 1.0, 1.0, 1.0, 1.0, 0.80124223, 0.0]	[1.0, 1.0, 0.0, 1.0, 1.0, 1.0, 1.0, 1.0, 0.804, 0.002]	0.010433327	0.0002974947
1130	0.97171426	0.966	0.97	0.79228574	0.79733336	0.7938	[1.0, 1.0, 0.0, 1.0, 1.0, 1.0, 1.0, 1.0, 0.8023599, 0.14835165]	[1.0, 1.0, 0.0, 1.0, 1.0, 1.0, 1.0, 1.0, 0.80124223, 0.10294118]	[1.0, 1.0, 0.0, 1.0, 1.0, 1.0, 1.0, 1.0, 0.802, 0.136]	0.010722061	0.00034895493
1140	0.96685714	0.96	0.9648	0.77485716	0.78333336	0.7774	[1.0, 1.0, 0.0, 1.0, 1.0, 1.0, 1.0, 1.0, 0.76106197, 0.01923077]	[1.0, 1.0, 0.0, 1.0, 1.0, 1.0, 1.0, 1.0, 0.7515528, 0.007352941]	[1.0, 1.0, 0.0, 1.0, 1.0, 1.0, 1.0, 1.0, 0.758, 0.016]	0.010766333	0.00022311462
1150	0.96514285	0.95933336	0.9634	0.77342856	0.782	0.776	[1.0, 1.0, 0.0, 1.0, 1.0, 1.0, 1.0, 1.0, 0.76106197, 0.0054945056]	[1.0, 1.0, 0.0, 1.0, 1.0, 1.0, 1.0, 1.0, 0.7453416, 0.0]	[1.0, 1.0, 0.0, 1.0, 1.0, 1.0, 1.0, 1.0, 0.756, 0.004]	0.010670758	0.0002269703
1160	0.9631429	0.95533335	0.9608	0.78514284	0.78933334	0.7864	[1.0, 1.0, 0.0, 1.0, 1.0, 1.0, 1.0, 1.0, 0.72861356, 0.14835165]	[1.0, 1.0, 0.0, 1.0, 1.0, 1.0, 1.0, 1.0, 0.6956522, 0.13970588]	[1.0, 1.0, 0.0, 1.0, 1.0, 1.0, 1.0, 1.0, 0.718, 0.146]	0.010918105	0.00027115596
1170	0.9714286	0.9633333	0.969	0.78171426	0.78933334	0.784	[1.0, 1.0, 0.0, 1.0, 0.99714285, 1.0, 1.0, 1.0, 0.85545725, 0.0]	[1.0, 1.0, 0.0, 1.0, 1.0, 1.0, 1.0, 0.9935484, 0.8198758, 0.0]	[1.0, 1.0, 0.0, 1.0, 0.998, 1.0, 1.0, 0.998, 0.844, 0.0]	0.010752987	0.00025338214
1180	0.9742857	0.96933335	0.9728	0.79285717	0.794	0.7932	[1.0, 1.0, 0.0, 1.0, 1.0, 1.0, 1.0, 1.0, 0.85545725, 0.104395606]	[1.0, 1.0, 0.0, 1.0, 1.0, 1.0, 1.0, 1.0, 0.8198758, 0.04411765]	[1.0, 1.0, 0.0, 1.0, 1.0, 1.0, 1.0, 1.0, 0.844, 0.088]	0.011014204	0.00036039623
1190	0.9702857	0.96066666	0.9674	0.7934286	0.79466665	0.7938	[1.0, 1.0, 0.0, 1.0, 1.0, 1.0, 0.99435025, 1.0, 0.76696163, 0.1978022]	[1.0, 1.0, 0.0, 1.0, 1.0, 1.0, 1.0, 1.0, 0.7515528, 0.13235295]	[1.0, 1.0, 0.0, 1.0, 1.0, 1.0, 0.996, 1.0, 0.762, 0.18]	0.011226855	0.0003002598
1200	0.9711428	0.964	0.969	0.77685714	0.7866667	0.7798	[1.0, 1.0, 0.0, 1.0, 1.0, 1.0, 1.0, 1.0, 0.7905605, 0.010989011]	[1.0, 1.0, 0.0, 1.0, 1.0, 1.0, 1.0, 1.0, 0.78881985, 0.0]	[1.0, 1.0, 0.0, 1.0, 1.0, 1.0, 1.0, 1.0, 0.79, 0.008]	0.0111480905	0.00025713677
1210	0.96257144	0.9546667	0.9602	0.7814286	0.794	0.7852	[1.0, 1.0, 0.0, 1.0, 1.0, 1.0, 0.99435025, 1.0, 0.69911504, 0.1456044]	[1.0, 1.0, 0.0, 1.0, 1.0, 1.0, 1.0, 1.0, 0.67701864, 0.21323529]	[1.0, 1.0, 0.0, 1.0, 1.0, 1.0, 0.996, 1.0, 0.692, 0.164]	0.011316563	0.00023176661
1220	0.9728571	0.96533334	0.9706	0.7814286	0.78933334	0.7838	[1.0, 1.0, 0.0, 1.0, 0.99714285, 1.0, 1.0, 1.0, 0.8495575, 0.0027472528]	[1.0, 1.0, 0.0, 1.0, 0.99333334, 1.0, 1.0, 1.0, 0.8198758, 0.0]	[1.0, 1.0, 0.0, 1.0, 0.996, 1.0, 1.0, 1.0, 0.84, 0.002]	0.01114554	0.00023606187
1230	0.97485715	0.96666664	0.9724	0.78485715	0.79066664	0.7866	[1.0, 1.0, 0.0, 1.0, 1.0, 1.0, 1.0, 1.0, 0.8318584, 0.04945055]	[1.0, 1.0, 0.0, 1.0, 1.0, 1.0, 1.0, 1.0, 0.8136646, 0.014705882]	[1.0, 1.0, 0.0, 1.0, 1.0, 1.0, 1.0, 1.0, 0.826, 0.04]	0.011300233	0.0003418955
1240	0.9745714	0.96666664	0.9722	0.80971426	0.8146667	0.8112	[1.0, 1.0, 0.0, 1.0, 1.0, 1.0, 0.99435025, 1.0, 0.7905605, 0.33241758]	[1.0, 1.0, 0.0, 1.0, 1.0, 1.0, 1.0, 1.0, 0.7826087, 0.31617647]	[1.0, 1.0, 0.0, 1.0, 1.0, 1.0, 0.996, 1.0, 0.788, 0.328]	0.011601446	0.0003533843
1250	0.97342855	0.96466666	0.9708	0.7771429	0.7866667	0.78	[1.0, 1.0, 0.0, 1.0, 1.0, 1.0, 1.0, 1.0, 0.7905605, 0.013736264]	[1.0, 1.0, 0.0, 1.0, 1.0, 1.0, 1.0, 1.0, 0.78881985, 0.0]	[1.0, 1.0, 0.0, 1.0, 1.0, 1.0, 1.0, 1.0, 0.79, 0.01]	0.011533964	0.000238067
1260	0.9671429	0.96133333	0.9654	0.77428573	0.7826667	0.7768	[1.0, 1.0, 0.0, 1.0, 1.0, 1.0, 1.0, 1.0, 0.7581121, 0.016483517]	[1.0, 1.0, 0.0, 1.0, 1.0, 1.0, 1.0, 1.0, 0.73913044, 0.014705882]	[1.0, 1.0, 0.0, 1.0, 1.0, 1.0, 1.0, 1.0, 0.752, 0.016]	0.011458297	0.00020455476
1270	0.97314286	0.96466666	0.9706	0.7822857	0.7926667	0.7854	[1.0, 1.0, 0.0, 1.0, 1.0, 1.0, 1.0, 1.0, 0.7758112, 0.07692308]	[1.0, 1.0, 0.0, 1.0, 1.0, 1.0, 1.0, 1.0, 0.7763975, 0.080882356]	[1.0, 1.0, 0.0, 1.0, 1.0, 1.0, 1.0, 1.0, 0.776, 0.078]	0.011583933	0.0002706158
1280	0.976	0.968	0.9736	0.7822857	0.79	0.7846	[1.0, 1.0, 0.0, 1.0, 1.0, 1.0, 1.0, 1.0, 0.85545725, 0.0027472528]	[1.0, 1.0, 0.0, 1.0, 1.0, 1.0, 1.0, 1.0, 0.8198758, 0.0]	[1.0, 1.0, 0.0, 1.0, 1.0, 1.0, 1.0, 1.0, 0.844, 0.002]	0.011536363	0.00028599286
1290	0.97828573	0.9686667	0.9754	0.80971426	0.8106667	0.81	[1.0, 1.0, 0.0, 1.0, 1.0, 1.0, 1.0, 1.0, 0.8466077, 0.2747253]	[1.0, 1.0, 0.0, 1.0, 1.0, 1.0, 1.0, 1.0, 0.8198758, 0.22794117]	[1.0, 1.0, 0.0, 1.0, 1.0, 1.0, 1.0, 1.0, 0.838, 0.262]	0.011793141	0.00036858767
1300	0.9745714	0.96533334	0.9718	0.78514284	0.7953333	0.7882	[1.0, 1.0, 0.0, 1.0, 1.0, 1.0, 0.99717516, 1.0, 0.77286136, 0.10989011]	[1.0, 1.0, 0.0, 1.0, 1.0, 1.0, 1.0, 1.0, 0.76397514, 0.125]	[1.0, 1.0, 0.0, 1.0, 1.0, 1.0, 0.998, 1.0, 0.77, 0.114]	0.011869784	0.0002680854
1310	0.9737143	0.96666664	0.9716	0.7771429	0.788	0.7804	[1.0, 1.0, 0.0, 1.0, 0.99714285, 1.0, 1.0, 1.0, 0.79941005, 0.008241759]	[1.0, 1.0, 0.0, 1.0, 1.0, 1.0, 1.0, 1.0, 0.80124223, 0.0]	[1.0, 1.0, 0.0, 1.0, 0.998, 1.0, 1.0, 1.0, 0.8, 0.006]	0.011740657	0.00024322141
1320	0.96914285	0.958	0.9658	0.7937143	0.804	0.7968	[1.0, 1.0, 0.0, 1.0, 1.0, 1.0, 0.99435025, 1.0, 0.7079646, 0.2554945]	[1.0, 1.0, 0.0, 1.0, 1.0, 1.0, 1.0, 1.0, 0.68944097, 0.30882353]	[1.0, 1.0, 0.0, 1.0, 1.0, 1.0, 0.996, 1.0, 0.702, 0.27]	0.011969376	0.00026743626
1330	0.976	0.9686667	0.9738	0.78314286	0.7926667	0.786	[1.0, 1.0, 0.0, 1.0, 0.99714285, 1.0, 1.0, 1.0, 0.8702065, 0.0]	[1.0, 1.0, 0.0, 1.0, 0.98, 1.0, 1.0, 1.0, 0.863354, 0.0]	[1.0, 1.0, 0.0, 1.0, 0.992, 1.0, 1.0, 1.0, 0.868, 0.0]	0.0117887845	0.00026400015
1340	0.97828573	0.972	0.9764	0.7982857	0.8013333	0.7992	[1.0, 1.0, 0.0, 1.0, 1.0, 1.0, 1.0, 1.0, 0.8613569, 0.1510989]	[1.0, 1.0, 0.0, 1.0, 1.0, 1.0, 1.0, 1.0, 0.8385093, 0.10294118]	[1.0, 1.0, 0.0, 1.0, 1.0, 1.0, 1.0, 1.0, 0.854, 0.138]	0.011910846	0.0003623315
1350	0.97571427	0.9686667	0.9736	0.8125714	0.816	0.8136	[1.0, 1.0, 0.0, 1.0, 1.0, 1.0, 0.99435025, 1.0, 0.7758112, 0.37362638]	[1.0, 1.0, 0.0, 1.0, 1.0, 1.0, 1.0, 1.0, 0.757764, 0.3602941]	[1.0, 1.0, 0.0, 1.0, 1.0, 1.0, 0.996, 1.0, 0.77, 0.37]	0.012171308	0.00033616787
1360	0.9771429	0.9673333	0.9742	0.7822857	0.792	0.7852	[1.0, 1.0, 0.0, 1.0, 0.99714285, 1.0, 1.0, 1.0, 0.8259587, 0.032967035]	[1.0, 1.0, 0.0, 1.0, 1.0, 1.0, 1.0, 1.0, 0.8136646, 0.029411765]	[1.0, 1.0, 0.0, 1.0, 0.998, 1.0, 1.0, 1.0, 0.822, 0.032]	0.01209165	0.0002656323
1370	0.97085714	0.96	0.9676	0.7788572	0.7926667	0.783	[1.0, 1.0, 0.0, 1.0, 1.0, 1.0, 0.99717516, 1.0, 0.73156345, 0.08791209]	[1.0, 1.0, 0.0, 1.0, 1.0, 1.0, 1.0, 1.0, 0.71428573, 0.15441176]	[1.0, 1.0, 0.0, 1.0, 1.0, 1.0, 0.998, 1.0, 0.726, 0.106]	0.012107265	0.00021337671
1380	0.978	0.96933335	0.9754	0.78342855	0.792	0.786	[1.0, 1.0, 0.0, 1.0, 0.99714285, 1.0, 1.0, 1.0, 0.8436578, 0.027472528]	[1.0, 1.0, 0.0, 1.0, 0.99333334, 1.0, 1.0, 1.0, 0.82608694, 0.022058824]	[1.0, 1.0, 0.0, 1.0, 0.996, 1.0, 1.0, 1.0, 0.838, 0.026]	0.012093134	0.00027049705
1390	0.978	0.97	0.9756	0.78657144	0.79466665	0.789	[1.0, 1.0, 0.0, 1.0, 1.0, 1.0, 1.0, 1.0, 0.85250735, 0.046703298]	[1.0, 1.0, 0.0, 1.0, 1.0, 1.0, 1.0, 1.0, 0.82608694, 0.04411765]	[1.0, 1.0, 0.0, 1.0, 1.0, 1.0, 1.0, 1.0, 0.844, 0.046]	0.0121397795	0.00030469242
1400	0.98057145	0.96933335	0.9772	0.81714284	0.82266665	0.8188	[1.0, 1.0, 0.0, 1.0, 1.0, 1.0, 1.0, 1.0, 0.82300884, 0.36813188]	[1.0, 1.0, 0.0, 1.0, 1.0, 1.0, 1.0, 1.0, 0.8136646, 0.36764705]	[1.0, 1.0, 0.0, 1.0, 1.0, 1.0, 1.0, 1.0, 0.82, 0.368]	0.012335686	0.0003628158
1410	0.97657144	0.96666664	0.9736	0.78257143	0.7926667	0.7856	[1.0, 1.0, 0.0, 1.0, 1.0, 1.0, 1.0, 1.0, 0.79941005, 0.057692308]	[1.0, 1.0, 0.0, 1.0, 1.0, 1.0, 1.0, 1.0, 0.7763975, 0.080882356]	[1.0, 1.0, 0.0, 1.0, 1.0, 1.0, 1.0, 1.0, 0.792, 0.064]	0.012357041	0.00023634499
1420	0.97571427	0.9673333	0.9732	0.77942854	0.78866667	0.7822	[1.0, 1.0, 0.0, 1.0, 0.99714285, 1.0, 1.0, 1.0, 0.81120944, 0.01923077]	[1.0, 1.0, 0.0, 1.0, 1.0, 1.0, 1.0, 1.0, 0.78881985, 0.022058824]	[1.0, 1.0, 0.0, 1.0, 0.998, 1.0, 1.0, 1.0, 0.804, 0.02]	0.012221601	0.00021901075
1430	0.9745714	0.96666664	0.9722	0.80228573	0.81133336	0.805	[1.0, 1.0, 0.0, 1.0, 1.0, 1.0, 1.0, 1.0, 0.74336284, 0.29945055]	[1.0, 1.0, 0.0, 1.0, 1.0, 1.0, 1.0, 1.0, 0.7329193, 0.3382353]	[1.0, 1.0, 0.0, 1.0, 1.0, 1.0, 1.0, 1.0, 0.74, 0.31]	0.012424167	0.00029414613
1440	0.9777143	0.972	0.976	0.78514284	0.7926667	0.7874	[1.0, 1.0, 0.0, 1.0, 0.99714285, 1.0, 1.0, 1.0, 0.88495576, 0.0054945056]	[1.0, 1.0, 0.0, 1.0, 0.98, 1.0, 1.0, 1.0, 0.863354, 0.0]	[1.0, 1.0, 0.0, 1.0, 0.992, 1.0, 1.0, 1.0, 0.878, 0.004]	0.012279071	0.0002896213
1450	0.98228574	0.97533333	0.9802	0.81371427	0.8206667	0.8158	[1.0, 1.0, 0.0, 1.0, 0.99714285, 1.0, 1.0, 1.0, 0.87315637, 0.2912088]	[1.0, 1.0, 0.0, 1.0, 1.0, 1.0, 1.0, 1.0, 0.863354, 0.2867647]	[1.0, 1.0, 0.0, 1.0, 0.998, 1.0, 1.0, 1.0, 0.87, 0.29]	0.012363037	0.00037785852
1460	0.9777143	0.96933335	0.9752	0.80457145	0.81266665	0.807	[1.0, 1.0, 0.0, 1.0, 1.0, 1.0, 0.99717516, 1.0, 0.77286136, 0.2967033]	[1.0, 1.0, 0.0, 1.0, 1.0, 1.0, 1.0, 1.0, 0.7515528, 0.33088234]	[1.0, 1.0, 0.0, 1.0, 1.0, 1.0, 0.998, 1.0, 0.766, 0.306]	0.01254728	0.00030746358
1470	0.97828573	0.97	0.9758	0.786	0.798	0.7896	[1.0, 1.0, 0.0, 1.0, 0.99714285, 1.0, 1.0, 1.0, 0.8377581, 0.057692308]	[1.0, 1.0, 0.0, 1.0, 1.0, 1.0, 1.0, 1.0, 0.82608694, 0.080882356]	[1.0, 1.0, 0.0, 1.0, 0.998, 1.0, 1.0, 1.0, 0.834, 0.064]	0.012461629	0.00026352983
1480	0.97342855	0.96066666	0.9696	0.79571426	0.80733335	0.7992	[1.0, 1.0, 0.0, 1.0, 1.0, 1.0, 0.99435025, 1.0, 0.71681416, 0.26648352]	[1.0, 1.0, 0.0, 1.0, 1.0, 1.0, 1.0, 1.0, 0.70186335, 0.33088234]	[1.0, 1.0, 0.0, 1.0, 1.0, 1.0, 0.996, 1.0, 0.712, 0.284]	0.012566842	0.00026529655
1490	0.97885716	0.97333336	0.9772	0.7854286	0.79333335	0.7878	[1.0, 1.0, 0.0, 1.0, 0.99714285, 1.0, 1.0, 1.0, 0.87905604, 0.013736264]	[1.0, 1.0, 0.0, 1.0, 0.97333336, 1.0, 1.0, 1.0, 0.863354, 0.014705882]	[1.0, 1.0, 0.0, 1.0, 0.99, 1.0, 1.0, 1.0, 0.874, 0.014]	0.012508821	0.00027515693
1500	0.9711428	0.9626667	0.9686	0.78085715	0.78933334	0.7834	[1.0, 1.0, 0.0, 1.0, 0.9942857, 1.0, 1.0, 1.0, 0.8495575, 0.0]	[1.0, 1.0, 0.0, 1.0, 0.96666664, 1.0, 1.0, 1.0, 0.8447205, 0.0]	[1.0, 1.0, 0.0, 1.0, 0.986, 1.0, 1.0, 1.0, 0.848, 0.0]	2.5315402	0.0031318972
1510	0.98228574	0.97466666	0.98	0.82028574	0.824	0.8214	[1.0, 1.0, 0.0, 1.0, 1.0, 1.0, 0.99717516, 1.0, 0.89675516, 0.33241758]	[1.0, 1.0, 0.0, 1.0, 1.0, 1.0, 1.0, 1.0, 0.89440995, 0.2867647]	[1.0, 1.0, 0.0, 1.0, 1.0, 1.0, 0.998, 1.0, 0.896, 0.32]	7.107029	0.06927326
1520	0.9777143	0.97	0.9754	0.7885714	0.7966667	0.791	[1.0, 1.0, 0.0, 1.0, 1.0, 1.0, 1.0, 1.0, 0.8879056, 0.032967035]	[1.0, 1.0, 0.0, 1.0, 0.9866667, 1.0, 1.0, 1.0, 0.8819876, 0.014705882]	[1.0, 1.0, 0.0, 1.0, 0.996, 1.0, 1.0, 1.0, 0.886, 0.028]	6.901345	0.10650729
1530	0.9671429	0.96666664	0.967	0.8382857	0.8426667	0.8396	[1.0, 1.0, 0.0, 1.0, 1.0, 1.0, 1.0, 1.0, 0.89675516, 0.50274724]	[1.0, 1.0, 0.0, 1.0, 1.0, 1.0, 1.0, 0.9935484, 0.88819873, 0.50735295]	[1.0, 1.0, 0.0, 1.0, 1.0, 1.0, 1.0, 0.998, 0.894, 0.504]	6.9579506	0.12103569
1540	0.97	0.9586667	0.9666	0.8191429	0.82266665	0.8202	[1.0, 1.0, 0.0028571428, 1.0, 1.0, 1.0, 0.98870057, 1.0, 0.6961652, 0.51373625]	[1.0, 1.0, 0.0, 1.0, 1.0, 1.0, 1.0, 1.0, 0.67701864, 0.5294118]	[1.0, 1.0, 0.002, 1.0, 1.0, 1.0, 0.992, 1.0, 0.69, 0.518]	5.686939	0.12767299
1550	0.9737143	0.96466666	0.971	0.85057145	0.8473333	0.8496	[1.0, 1.0, 0.0, 1.0, 1.0, 1.0, 1.0, 1.0, 0.7817109, 0.728022]	[1.0, 1.0, 0.0, 1.0, 1.0, 1.0, 1.0, 1.0, 0.7515528, 0.7132353]	[1.0, 1.0, 0.0, 1.0, 1.0, 1.0, 1.0, 1.0, 0.772, 0.724]	5.7084794	0.12937921
1560	0.9742857	0.96666664	0.972	0.82285714	0.822	0.8226	[1.0, 1.0, 0.045714285, 1.0, 1.0, 1.0, 1.0, 1.0, 0.8082596, 0.39285713]	[1.0, 1.0, 0.02, 1.0, 1.0, 1.0, 1.0, 1.0, 0.78881985, 0.36764705]	[1.0, 1.0, 0.038, 1.0, 1.0, 1.0, 1.0, 1.0, 0.802, 0.386]	5.304371	0.13808137
1570	0.97514284	0.96933335	0.9734	0.8602857	0.8526667	0.858	[1.0, 1.0, 0.08, 1.0, 1.0, 1.0, 0.99435025, 1.0, 0.79646015, 0.73626375]	[1.0, 1.0, 0.033333335, 1.0, 1.0, 1.0, 1.0, 1.0, 0.76397514, 0.7205882]	[1.0, 1.0, 0.066, 1.0, 1.0, 1.0, 0.996, 1.0, 0.786, 0.732]	4.561513	0.13246381
1580	0.9737143	0.9686667	0.9722	0.89685714	0.87866664	0.8914	[1.0, 1.0, 0.38, 1.0, 1.0, 1.0, 1.0, 1.0, 0.78466076, 0.80494505]	[1.0, 1.0, 0.27333334, 1.0, 1.0, 1.0, 0.9931507, 1.0, 0.7453416, 0.77205884]	[1.0, 1.0, 0.348, 1.0, 1.0, 1.0, 0.998, 1.0, 0.772, 0.796]	4.297538	0.11858351
1590	0.9685714	0.96066666	0.9662	0.9282857	0.9253333	0.9274	[1.0, 1.0, 0.86, 1.0, 1.0, 1.0, 1.0, 1.0, 0.6135693, 0.80494505]	[1.0, 1.0, 0.88666666, 1.0, 1.0, 1.0, 1.0, 1.0, 0.59006214, 0.7867647]	[1.0, 1.0, 0.868, 1.0, 1.0, 1.0, 1.0, 1.0, 0.606, 0.8]	3.9229546	0.096990615
1600	0.9728571	0.968	0.9714	0.96085715	0.95933336	0.9604	[1.0, 1.0, 0.9771429, 1.0, 1.0, 1.0, 0.99435025, 1.0, 0.81710917, 0.8214286]	[1.0, 1.0, 0.9866667, 1.0, 1.0, 1.0, 0.9931507, 1.0, 0.78881985, 0.8235294]	[1.0, 1.0, 0.98, 1.0, 1.0, 1.0, 0.994, 1.0, 0.808, 0.822]	3.7139568	0.087464795
1610	0.9762857	0.97	0.9744	0.9602857	0.954	0.9584	[1.0, 1.0, 0.99714285, 1.0, 1.0, 1.0, 1.0, 1.0, 0.8023599, 0.80494505]	[1.0, 1.0, 1.0, 1.0, 1.0, 1.0, 1.0, 1.0, 0.7515528, 0.7867647]	[1.0, 1.0, 0.998, 1.0, 1.0, 1.0, 1.0, 1.0, 0.786, 0.8]	3.4797592	0.07667662
1620	0.97485715	0.96933335	0.9732	0.9257143	0.9173333	0.9232	[1.0, 1.0, 0.64857143, 1.0, 1.0, 1.0, 1.0, 1.0, 0.7935103, 0.81593406]	[1.0, 1.0, 0.61333334, 1.0, 1.0, 1.0, 1.0, 1.0, 0.757764, 0.8014706]	[1.0, 1.0, 0.638, 1.0, 1.0, 1.0, 1.0, 1.0, 0.782, 0.812]	3.1368256	0.09379618
1630	0.9768571	0.9726667	0.9756	0.9657143	0.9586667	0.9636	[1.0, 1.0, 0.9942857, 1.0, 1.0, 1.0, 1.0, 1.0, 0.85545725, 0.8104396]	[1.0, 1.0, 0.9866667, 1.0, 0.99333334, 1.0, 0.9931507, 1.0, 0.82608694, 0.7794118]	[1.0, 1.0, 0.992, 1.0, 0.998, 1.0, 0.998, 1.0, 0.846, 0.802]	3.0914888	0.077243686
1640	0.97571427	0.97333336	0.975	0.958	0.96066666	0.9588	[1.0, 1.0, 0.95428574, 1.0, 1.0, 1.0, 1.0, 1.0, 0.8938053, 0.739011]	[1.0, 1.0, 0.94, 1.0, 1.0, 1.0, 1.0, 1.0, 0.9006211, 0.75]	[1.0, 1.0, 0.95, 1.0, 1.0, 1.0, 1.0, 1.0, 0.896, 0.742]	2.9495535	0.0774197
1650	0.968	0.96466666	0.967	0.95	0.94266665	0.9478	[1.0, 1.0, 0.98, 1.0, 1.0, 1.0, 1.0, 1.0, 0.77286136, 0.75]	[1.0, 1.0, 0.9866667, 1.0, 1.0, 1.0, 1.0, 1.0, 0.7329193, 0.6985294]	[1.0, 1.0, 0.982, 1.0, 1.0, 1.0, 1.0, 1.0, 0.76, 0.736]	2.721592	0.072178334
1660	0.9737143	0.97533333	0.9742	0.95342857	0.95	0.9524	[1.0, 1.0, 0.8657143, 1.0, 1.0, 1.0, 1.0, 1.0, 0.89675516, 0.77747256]	[1.0, 1.0, 0.8466667, 1.0, 1.0, 1.0, 1.0, 1.0, 0.88819873, 0.75]	[1.0, 1.0, 0.86, 1.0, 1.0, 1.0, 1.0, 1.0, 0.894, 0.77]	2.7017498	0.08164108
1670	0.97485715	0.972	0.974	0.9628571	0.95666665	0.961	[1.0, 1.0, 0.98571426, 1.0, 1.0, 1.0, 1.0, 1.0, 0.8318584, 0.8131868]	[1.0, 1.0, 0.98, 1.0, 1.0, 1.0, 1.0, 1.0, 0.7950311, 0.7867647]	[1.0, 1.0, 0.984, 1.0, 1.0, 1.0, 1.0, 1.0, 0.82, 0.806]	2.6197424	0.071463436
1680	0.9711428	0.96933335	0.9706	0.96	0.95533335	0.9586	[1.0, 1.0, 0.99142855, 1.0, 1.0, 1.0, 1.0, 1.0, 0.8318584, 0.7802198]	[1.0, 1.0, 0.99333334, 1.0, 1.0, 1.0, 1.0, 1.0, 0.7950311, 0.75735295]	[1.0, 1.0, 0.992, 1.0, 1.0, 1.0, 1.0, 1.0, 0.82, 0.774]	2.4096375	0.06477216
1690	0.9737143	0.97066665	0.9728	0.96114284	0.954	0.959	[1.0, 1.0, 0.9885714, 1.0, 1.0, 1.0, 1.0, 1.0, 0.81120944, 0.8131868]	[1.0, 1.0, 0.99333334, 1.0, 1.0, 1.0, 1.0, 1.0, 0.76397514, 0.7794118]	[1.0, 1.0, 0.99, 1.0, 1.0, 1.0, 1.0, 1.0, 0.796, 0.804]	2.404727	0.06526008
1700	0.97171426	0.972	0.9718	0.9694286	0.96466666	0.968	[1.0, 1.0, 0.98285717, 1.0, 1.0, 1.0, 1.0, 0.99130434, 0.88495576, 0.8379121]	[1.0, 1.0, 0.97333336, 1.0, 1.0, 1.0, 1.0, 0.9870968, 0.85714287, 0.8235294]	[1.0, 1.0, 0.98, 1.0, 1.0, 1.0, 1.0, 0.99, 0.876, 0.834]	2.2745361	0.06828889
1710	0.97514284	0.97533333	0.9752	0.9702857	0.9713333	0.9706	[1.0, 1.0, 0.98285717, 1.0, 1.0, 1.0, 1.0, 0.9971014, 0.899705, 0.8269231]	[1.0, 1.0, 0.9866667, 1.0, 1.0, 1.0, 1.0, 0.9935484, 0.9130435, 0.8088235]	[1.0, 1.0, 0.984, 1.0, 1.0, 1.0, 1.0, 0.996, 0.904, 0.822]	2.3025093	0.06432694
1720	0.97485715	0.976	0.9752	0.96685714	0.962	0.9654	[1.0, 1.0, 0.9942857, 1.0, 1.0, 1.0, 0.99717516, 1.0, 0.86725664, 0.8131868]	[1.0, 1.0, 0.99333334, 1.0, 1.0, 1.0, 1.0, 1.0, 0.83229816, 0.7867647]	[1.0, 1.0, 0.994, 1.0, 1.0, 1.0, 0.998, 1.0, 0.856, 0.806]	2.1765213	0.061930746
1730	0.97514284	0.97533333	0.9752	0.968	0.9633333	0.9666	[1.0, 1.0, 0.9885714, 1.0, 1.0, 1.0, 1.0, 1.0, 0.87315637, 0.8214286]	[1.0, 1.0, 0.99333334, 1.0, 1.0, 1.0, 1.0, 1.0, 0.8385093, 0.7941176]	[1.0, 1.0, 0.99, 1.0, 1.0, 1.0, 1.0, 1.0, 0.862, 0.814]	2.1358633	0.062065274
1740	0.97657144	0.9713333	0.975	0.95942855	0.95133334	0.957	[1.0, 1.0, 0.98571426, 1.0, 1.0, 1.0, 1.0, 0.9971014, 0.7935103, 0.8186813]	[1.0, 1.0, 0.99333334, 1.0, 1.0, 1.0, 1.0, 1.0, 0.7080745, 0.8161765]	[1.0, 1.0, 0.988, 1.0, 1.0, 1.0, 1.0, 0.998, 0.766, 0.818]	2.085271	0.06238535
1750	0.9737143	0.972	0.9732	0.966	0.964	0.9654	[1.0, 1.0, 0.98571426, 1.0, 1.0, 1.0, 1.0, 1.0, 0.8702065, 0.8076923]	[1.0, 1.0, 0.99333334, 1.0, 1.0, 1.0, 1.0, 1.0, 0.8509317, 0.7867647]	[1.0, 1.0, 0.988, 1.0, 1.0, 1.0, 1.0, 1.0, 0.864, 0.802]	2.0596857	0.055951297
1760	0.9697143	0.9713333	0.9702	0.9657143	0.9633333	0.965	[1.0, 1.0, 0.98285717, 1.0, 1.0, 1.0, 1.0, 1.0, 0.89085543, 0.78846157]	[1.0, 1.0, 0.99333334, 1.0, 1.0, 1.0, 1.0, 1.0, 0.8757764, 0.75]	[1.0, 1.0, 0.986, 1.0, 1.0, 1.0, 1.0, 1.0, 0.886, 0.778]	1.9784222	0.05615133
1770	0.97485715	0.974	0.9746	0.96914285	0.972	0.97	[1.0, 1.0, 0.98285717, 1.0, 1.0, 1.0, 1.0, 1.0, 0.9056047, 0.8076923]	[1.0, 1.0, 0.99333334, 1.0, 1.0, 1.0, 1.0, 1.0, 0.9254658, 0.7867647]	[1.0, 1.0, 0.986, 1.0, 1.0, 1.0, 1.0, 1.0, 0.912, 0.802]	1.968132	0.057064533
1780	0.9785714	0.972	0.9766	0.9574286	0.946	0.954	[1.0, 1.0, 0.9942857, 1.0, 1.0, 1.0, 0.99717516, 0.9971014, 0.76106197, 0.82417583]	[1.0, 1.0, 1.0, 1.0, 1.0, 1.0, 1.0, 1.0, 0.6459627, 0.8235294]	[1.0, 1.0, 0.996, 1.0, 1.0, 1.0, 0.998, 0.998, 0.724, 0.824]	1.964221	0.06061703
1790	0.978	0.976	0.9774	0.96428573	0.956	0.9618	[1.0, 1.0, 0.98571426, 1.0, 1.0, 1.0, 1.0, 1.0, 0.8466077, 0.8131868]	[1.0, 1.0, 0.99333334, 1.0, 1.0, 1.0, 1.0, 1.0, 0.77018636, 0.7941176]	[1.0, 1.0, 0.988, 1.0, 1.0, 1.0, 1.0, 1.0, 0.822, 0.808]	1.8393698	0.059203863
1800	0.97571427	0.9713333	0.9744	0.97342855	0.9726667	0.9732	[1.0, 1.0, 0.98, 1.0, 1.0, 1.0, 1.0, 0.9942029, 0.9321534, 0.8324176]	[1.0, 1.0, 0.98, 1.0, 1.0, 1.0, 1.0, 0.9935484, 0.9254658, 0.8161765]	[1.0, 1.0, 0.98, 1.0, 1.0, 1.0, 1.0, 0.994, 0.93, 0.828]	1.8629427	0.055305958
1810	0.9722857	0.9686667	0.9712	0.95685714	0.94533336	0.9534	[1.0, 1.0, 0.9885714, 1.0, 1.0, 1.0, 1.0, 1.0, 0.7817109, 0.7994506]	[1.0, 1.0, 1.0, 1.0, 1.0, 1.0, 1.0, 1.0, 0.68944097, 0.7647059]	[1.0, 1.0, 0.992, 1.0, 1.0, 1.0, 1.0, 1.0, 0.752, 0.79]	1.7966604	0.056023777
1820	0.9768571	0.978	0.9772	0.9685714	0.9673333	0.9682	[1.0, 1.0, 0.98285717, 1.0, 1.0, 1.0, 1.0, 1.0, 0.89085543, 0.81593406]	[1.0, 1.0, 0.99333334, 1.0, 1.0, 1.0, 1.0, 1.0, 0.8757764, 0.7941176]	[1.0, 1.0, 0.986, 1.0, 1.0, 1.0, 1.0, 1.0, 0.886, 0.81]	1.7192822	0.057034433
1830	0.9722857	0.972	0.9722	0.97057146	0.968	0.9698	[1.0, 1.0, 0.9771429, 1.0, 1.0, 1.0, 0.99717516, 1.0, 0.9380531, 0.7994506]	[1.0, 1.0, 0.96, 1.0, 1.0, 1.0, 1.0, 1.0, 0.9378882, 0.7647059]	[1.0, 1.0, 0.972, 1.0, 1.0, 1.0, 0.998, 1.0, 0.938, 0.79]	1.8800173	0.053514123
1840	0.9711428	0.972	0.9714	0.9685714	0.9673333	0.9682	[1.0, 1.0, 0.9942857, 1.0, 1.0, 1.0, 0.99717516, 1.0, 0.89675516, 0.8021978]	[1.0, 1.0, 1.0, 1.0, 1.0, 1.0, 1.0, 1.0, 0.88819873, 0.77205884]	[1.0, 1.0, 0.996, 1.0, 1.0, 1.0, 0.998, 1.0, 0.894, 0.794]	1.7716274	0.047626317
1850	0.982	0.97466666	0.9798	0.96257144	0.95133334	0.9592	[1.0, 1.0, 0.99142855, 1.0, 1.0, 1.0, 1.0, 0.9971014, 0.8082596, 0.8296703]	[1.0, 1.0, 1.0, 1.0, 1.0, 1.0, 1.0, 1.0, 0.70186335, 0.8161765]	[1.0, 1.0, 0.994, 1.0, 1.0, 1.0, 1.0, 0.998, 0.774, 0.826]	1.6641102	0.05463785
1860	0.98	0.974	0.9782	0.96828574	0.9586667	0.9654	[1.0, 1.0, 0.99714285, 1.0, 1.0, 1.0, 1.0, 0.9971014, 0.85545725, 0.83516484]	[1.0, 1.0, 1.0, 1.0, 1.0, 1.0, 1.0, 1.0, 0.7763975, 0.8088235]	[1.0, 1.0, 0.998, 1.0, 1.0, 1.0, 1.0, 0.998, 0.83, 0.828]	1.6328726	0.047327638
1870	0.97885716	0.97	0.9762	0.9714286	0.96933335	0.9708	[1.0, 1.0, 0.99714285, 1.0, 1.0, 1.0, 1.0, 0.9942029, 0.8938053, 0.8324176]	[1.0, 1.0, 1.0, 1.0, 1.0, 1.0, 1.0, 1.0, 0.8819876, 0.8014706]	[1.0, 1.0, 0.998, 1.0, 1.0, 1.0, 1.0, 0.996, 0.89, 0.824]	1.639144	0.04245764
1880	0.98057145	0.97466666	0.9788	0.9728571	0.9673333	0.9712	[1.0, 1.0, 1.0, 1.0, 1.0, 1.0, 0.99717516, 0.9971014, 0.9026549, 0.83516484]	[1.0, 1.0, 1.0, 1.0, 1.0, 1.0, 1.0, 1.0, 0.863354, 0.8014706]	[1.0, 1.0, 1.0, 1.0, 1.0, 1.0, 0.998, 0.998, 0.89, 0.826]	1.5746508	0.042158782
1890	0.98057145	0.978	0.9798	0.97085714	0.96533334	0.9692	[1.0, 1.0, 0.9742857, 1.0, 1.0, 1.0, 0.99717516, 0.9971014, 0.9026549, 0.8406593]	[1.0, 1.0, 0.96, 1.0, 1.0, 1.0, 1.0, 0.9935484, 0.88819873, 0.8014706]	[1.0, 1.0, 0.97, 1.0, 1.0, 1.0, 0.998, 0.996, 0.898, 0.83]	1.6211243	0.05861795
1900	0.98485714	0.97933334	0.9832	0.9742857	0.9713333	0.9734	[1.0, 1.0, 0.9942857, 1.0, 1.0, 1.0, 0.99717516, 0.9971014, 0.9056047, 0.85164833]	[1.0, 1.0, 1.0, 1.0, 1.0, 1.0, 1.0, 0.9935484, 0.88819873, 0.8235294]	[1.0, 1.0, 0.996, 1.0, 1.0, 1.0, 0.998, 0.996, 0.9, 0.844]	1.5777206	0.04621613
1910	0.9754286	0.974	0.975	0.9745714	0.97533333	0.9748	[1.0, 1.0, 0.9885714, 1.0, 1.0, 1.0, 0.99717516, 0.9971014, 0.9557522, 0.8131868]	[1.0, 1.0, 1.0, 1.0, 1.0, 1.0, 1.0, 1.0, 0.9503106, 0.7867647]	[1.0, 1.0, 0.992, 1.0, 1.0, 1.0, 0.998, 0.998, 0.954, 0.806]	1.5118408	0.03981906
1920	0.9745714	0.9726667	0.974	0.9685714	0.96133333	0.9664	[1.0, 1.0, 0.99714285, 1.0, 1.0, 1.0, 1.0, 1.0, 0.8879056, 0.80494505]	[1.0, 1.0, 1.0, 1.0, 1.0, 1.0, 1.0, 1.0, 0.8447205, 0.75735295]	[1.0, 1.0, 0.998, 1.0, 1.0, 1.0, 1.0, 1.0, 0.874, 0.792]	1.512434	0.044100344
1930	0.97342855	0.9726667	0.9732	0.9737143	0.9713333	0.973	[1.0, 1.0, 0.98, 1.0, 1.0, 1.0, 0.99717516, 1.0, 0.9616519, 0.80494505]	[1.0, 1.0, 0.97333336, 1.0, 1.0, 1.0, 1.0, 1.0, 0.9503106, 0.77205884]	[1.0, 1.0, 0.978, 1.0, 1.0, 1.0, 0.998, 1.0, 0.958, 0.796]	1.4886646	0.04213828
1940	0.98657143	0.982	0.9852	0.97085714	0.966	0.9694	[1.0, 1.0, 0.99714285, 1.0, 1.0, 1.0, 0.99717516, 0.9942029, 0.8761062, 0.84615386]	[1.0, 1.0, 1.0, 1.0, 1.0, 1.0, 1.0, 0.9935484, 0.83229816, 0.8308824]	[1.0, 1.0, 0.998, 1.0, 1.0, 1.0, 0.998, 0.994, 0.862, 0.842]	1.485506	0.048652768
1950	0.97742856	0.97533333	0.9768	0.97257143	0.9726667	0.9726	[1.0, 1.0, 0.9942857, 1.0, 1.0, 1.0, 0.99717516, 0.9971014, 0.9292035, 0.8131868]	[1.0, 1.0, 1.0, 1.0, 1.0, 1.0, 1.0, 1.0, 0.9254658, 0.7867647]	[1.0, 1.0, 0.996, 1.0, 1.0, 1.0, 0.998, 0.998, 0.928, 0.806]	1.4776726	0.03846979
1960	0.9854286	0.97933334	0.9836	0.9728571	0.96533334	0.9706	[1.0, 1.0, 0.99714285, 1.0, 1.0, 1.0, 0.99717516, 0.9971014, 0.8938053, 0.84615386]	[1.0, 1.0, 1.0, 1.0, 1.0, 1.0, 1.0, 1.0, 0.8447205, 0.8014706]	[1.0, 1.0, 0.998, 1.0, 1.0, 1.0, 0.998, 0.998, 0.878, 0.834]	1.4480686	0.043228805
1970	0.9834286	0.974	0.9806	0.978	0.976	0.9774	[1.0, 1.0, 0.99142855, 1.0, 1.0, 1.0, 0.99717516, 0.98550725, 0.94690263, 0.86263734]	[1.0, 1.0, 1.0, 1.0, 1.0, 1.0, 1.0, 0.9870968, 0.93167704, 0.8308824]	[1.0, 1.0, 0.994, 1.0, 1.0, 1.0, 0.998, 0.986, 0.942, 0.854]	1.3305159	0.043332458
1980	0.982	0.974	0.9796	0.97828573	0.9773333	0.978	[1.0, 1.0, 0.98571426, 1.0, 1.0, 1.0, 0.99717516, 0.9826087, 0.9616519, 0.8598901]	[1.0, 1.0, 1.0, 1.0, 1.0, 1.0, 1.0, 0.9806452, 0.9503106, 0.8308824]	[1.0, 1.0, 0.99, 1.0, 1.0, 1.0, 0.998, 0.982, 0.958, 0.852]	1.4023285	0.03953129
1990	0.98714286	0.98	0.985	0.97742856	0.97333336	0.9762	[1.0, 1.0, 1.0, 1.0, 1.0, 1.0, 0.99717516, 0.9942029, 0.9321534, 0.8543956]	[1.0, 1.0, 1.0, 1.0, 1.0, 1.0, 0.9931507, 0.9935484, 0.91925466, 0.8161765]	[1.0, 1.0, 1.0, 1.0, 1.0, 1.0, 0.996, 0.994, 0.928, 0.844]	1.4587364	0.040187478
2000	0.98228574	0.97466666	0.98	0.9777143	0.976	0.9772	[1.0, 1.0, 0.99142855, 1.0, 1.0, 1.0, 0.99717516, 0.9652174, 0.9616519, 0.86538464]	[1.0, 1.0, 1.0, 1.0, 1.0, 1.0, 1.0, 0.9677419, 0.9503106, 0.8308824]	[1.0, 1.0, 0.994, 1.0, 1.0, 1.0, 0.998, 0.966, 0.958, 0.856]	1.421896	0.039000332
2010	0.9842857	0.97466666	0.9814	0.9797143	0.9773333	0.979	[1.0, 1.0, 0.99142855, 1.0, 1.0, 1.0, 0.99717516, 0.9826087, 0.96460176, 0.86538464]	[1.0, 1.0, 1.0, 1.0, 1.0, 1.0, 1.0, 0.9806452, 0.9503106, 0.8308824]	[1.0, 1.0, 0.994, 1.0, 1.0, 1.0, 0.998, 0.982, 0.96, 0.856]	1.3700733	0.03725159
2020	0.9877143	0.98066664	0.9856	0.9777143	0.972	0.976	[1.0, 1.0, 1.0, 1.0, 1.0, 1.0, 0.99717516, 0.9942029, 0.9380531, 0.85164833]	[1.0, 1.0, 1.0, 1.0, 1.0, 1.0, 0.9931507, 0.9935484, 0.9068323, 0.8161765]	[1.0, 1.0, 1.0, 1.0, 1.0, 1.0, 0.996, 0.994, 0.928, 0.842]	1.4482231	0.039798677
2030	0.9854286	0.97866666	0.9834	0.9777143	0.97466666	0.9768	[1.0, 1.0, 0.99714285, 1.0, 1.0, 1.0, 0.99717516, 0.9942029, 0.9498525, 0.8434066]	[1.0, 1.0, 1.0, 1.0, 1.0, 1.0, 1.0, 0.9935484, 0.93167704, 0.8088235]	[1.0, 1.0, 0.998, 1.0, 1.0, 1.0, 0.998, 0.994, 0.944, 0.834]	1.3339596	0.038814366
2040	0.98885715	0.984	0.9874	0.9728571	0.96533334	0.9706	[1.0, 1.0, 1.0, 1.0, 1.0, 1.0, 0.99717516, 0.9942029, 0.88495576, 0.8543956]	[1.0, 1.0, 1.0, 1.0, 1.0, 1.0, 1.0, 1.0, 0.8074534, 0.8455882]	[1.0, 1.0, 1.0, 1.0, 1.0, 1.0, 0.998, 0.996, 0.86, 0.852]	1.3689909	0.04504156
2050	0.98485714	0.97466666	0.9818	0.97571427	0.97333336	0.975	[1.0, 1.0, 1.0, 1.0, 1.0, 1.0, 0.99717516, 0.9942029, 0.9321534, 0.8379121]	[1.0, 1.0, 1.0, 1.0, 1.0, 1.0, 1.0, 0.9935484, 0.9130435, 0.8161765]	[1.0, 1.0, 1.0, 1.0, 1.0, 1.0, 0.998, 0.994, 0.926, 0.832]	1.3155518	0.032941043
2060	0.9794286	0.97533333	0.9782	0.972	0.9686667	0.971	[1.0, 1.0, 1.0, 1.0, 1.0, 1.0, 0.99717516, 0.9971014, 0.92330384, 0.8076923]	[1.0, 1.0, 1.0, 1.0, 1.0, 1.0, 1.0, 1.0, 0.88819873, 0.7867647]	[1.0, 1.0, 1.0, 1.0, 1.0, 1.0, 0.998, 0.998, 0.912, 0.802]	1.3188667	0.036463737
2070	0.98571426	0.9773333	0.9832	0.97742856	0.97533333	0.9768	[1.0, 1.0, 1.0, 1.0, 1.0, 1.0, 0.99717516, 0.9942029, 0.9439528, 0.8434066]	[1.0, 1.0, 1.0, 1.0, 1.0, 1.0, 1.0, 1.0, 0.9254658, 0.8161765]	[1.0, 1.0, 1.0, 1.0, 1.0, 1.0, 0.998, 0.996, 0.938, 0.836]	1.2598648	0.035671055
2080	0.98714286	0.98466665	0.9864	0.96742857	0.9546667	0.9636	[1.0, 1.0, 1.0, 1.0, 1.0, 1.0, 0.99717516, 0.9942029, 0.8318584, 0.85164833]	[1.0, 1.0, 0.99333334, 1.0, 1.0, 1.0, 1.0, 0.9935484, 0.7204969, 0.8455882]	[1.0, 1.0, 0.998, 1.0, 1.0, 1.0, 0.998, 0.994, 0.796, 0.85]	1.3228769	0.04892832
2090	0.98885715	0.98466665	0.9876	0.97485715	0.96933335	0.9732	[1.0, 1.0, 1.0, 1.0, 1.0, 1.0, 0.99717516, 0.9942029, 0.89675516, 0.86263734]	[1.0, 1.0, 1.0, 1.0, 1.0, 1.0, 1.0, 1.0, 0.85714287, 0.8308824]	[1.0, 1.0, 1.0, 1.0, 1.0, 1.0, 0.998, 0.996, 0.884, 0.854]	1.2640419	0.04043919
2100	0.9868571	0.97533333	0.9834	0.98	0.97866666	0.9796	[1.0, 1.0, 0.9942857, 1.0, 1.0, 1.0, 0.99717516, 0.98550725, 0.9557522, 0.8708791]	[1.0, 1.0, 1.0, 1.0, 1.0, 1.0, 1.0, 0.9935484, 0.94409937, 0.8382353]	[1.0, 1.0, 0.996, 1.0, 1.0, 1.0, 0.998, 0.988, 0.952, 0.862]	1.2564201	0.031479478
2110	0.98	0.976	0.9788	0.9694286	0.9633333	0.9676	[1.0, 1.0, 0.99714285, 1.0, 1.0, 1.0, 0.99717516, 1.0, 0.89675516, 0.8076923]	[1.0, 1.0, 1.0, 1.0, 1.0, 1.0, 1.0, 1.0, 0.8447205, 0.7794118]	[1.0, 1.0, 0.998, 1.0, 1.0, 1.0, 0.998, 1.0, 0.88, 0.8]	1.1783104	0.03870833
2120	0.9868571	0.9766667	0.9838	0.9754286	0.976	0.9756	[1.0, 1.0, 0.99714285, 1.0, 1.0, 1.0, 0.99717516, 0.9942029, 0.9439528, 0.8269231]	[1.0, 1.0, 1.0, 1.0, 1.0, 1.0, 1.0, 1.0, 0.9378882, 0.8088235]	[1.0, 1.0, 0.998, 1.0, 1.0, 1.0, 0.998, 0.996, 0.942, 0.822]	1.1832733	0.034809947
2130	0.98142856	0.976	0.9798	0.97828573	0.9773333	0.978	[1.0, 1.0, 0.9942857, 1.0, 1.0, 1.0, 0.99717516, 0.9971014, 0.9734513, 0.8269231]	[1.0, 1.0, 1.0, 1.0, 1.0, 1.0, 0.9931507, 1.0, 0.95652175, 0.8088235]	[1.0, 1.0, 0.996, 1.0, 1.0, 1.0, 0.996, 0.998, 0.968, 0.822]	1.3588314	0.030940592
2140	0.98085713	0.976	0.9794	0.9722857	0.97066665	0.9718	[1.0, 1.0, 1.0, 1.0, 1.0, 1.0, 0.99717516, 0.9971014, 0.9262537, 0.8076923]	[1.0, 1.0, 1.0, 1.0, 1.0, 1.0, 0.9931507, 1.0, 0.9068323, 0.7941176]	[1.0, 1.0, 1.0, 1.0, 1.0, 1.0, 0.996, 0.998, 0.92, 0.804]	1.2639198	0.035654485
2150	0.99114287	0.9853333	0.9894	0.976	0.9633333	0.9722	[1.0, 1.0, 1.0, 1.0, 1.0, 1.0, 0.99717516, 0.99130434, 0.8761062, 0.8956044]	[1.0, 1.0, 1.0, 1.0, 1.0, 1.0, 1.0, 0.9935484, 0.77018636, 0.875]	[1.0, 1.0, 1.0, 1.0, 1.0, 1.0, 0.998, 0.992, 0.842, 0.89]	1.2499132	0.04460138
2160	0.98914284	0.9826667	0.9872	0.97257143	0.964	0.97	[1.0, 1.0, 1.0, 1.0, 1.0, 1.0, 0.99717516, 0.9942029, 0.87905604, 0.85714287]	[1.0, 1.0, 1.0, 1.0, 1.0, 1.0, 1.0, 1.0, 0.7950311, 0.8455882]	[1.0, 1.0, 1.0, 1.0, 1.0, 1.0, 0.998, 0.996, 0.852, 0.854]	1.190979	0.04402989
2170	0.9917143	0.97866666	0.9878	0.9802857	0.9773333	0.9794	[1.0, 1.0, 1.0, 1.0, 1.0, 1.0, 0.99717516, 0.9884058, 0.94690263, 0.87362635]	[1.0, 1.0, 1.0, 1.0, 1.0, 1.0, 1.0, 0.9935484, 0.9254658, 0.8455882]	[1.0, 1.0, 1.0, 1.0, 1.0, 1.0, 0.998, 0.99, 0.94, 0.866]	1.248003	0.030778527
2180	0.9917143	0.98333335	0.9892	0.978	0.9726667	0.9764	[1.0, 1.0, 1.0, 1.0, 1.0, 1.0, 0.99717516, 0.9942029, 0.9144543, 0.87637365]	[1.0, 1.0, 1.0, 1.0, 1.0, 1.0, 1.0, 0.9935484, 0.8757764, 0.85294116]	[1.0, 1.0, 1.0, 1.0, 1.0, 1.0, 0.998, 0.994, 0.902, 0.87]	1.1569557	0.036426187
2190	0.9917143	0.9826667	0.989	0.9794286	0.97466666	0.978	[1.0, 1.0, 0.9942857, 1.0, 1.0, 1.0, 0.99717516, 0.99130434, 0.9380531, 0.87637365]	[1.0, 1.0, 0.99333334, 1.0, 1.0, 1.0, 1.0, 0.9935484, 0.9068323, 0.8455882]	[1.0, 1.0, 0.994, 1.0, 1.0, 1.0, 0.998, 0.992, 0.928, 0.868]	1.2263737	0.04059875
2200	0.98742855	0.98066664	0.9854	0.97657144	0.974	0.9758	[1.0, 1.0, 1.0, 1.0, 1.0, 1.0, 0.99717516, 0.9942029, 0.94100296, 0.8379121]	[1.0, 1.0, 1.0, 1.0, 1.0, 1.0, 0.9931507, 1.0, 0.9130435, 0.8235294]	[1.0, 1.0, 1.0, 1.0, 1.0, 1.0, 0.996, 0.996, 0.932, 0.834]	1.1982212	0.034208
2210	0.9825714	0.9773333	0.981	0.97885716	0.97866666	0.9788	[1.0, 1.0, 0.99142855, 1.0, 1.0, 1.0, 0.99717516, 0.9942029, 0.97640115, 0.83516484]	[1.0, 1.0, 1.0, 1.0, 1.0, 1.0, 1.0, 1.0, 0.9627329, 0.8088235]	[1.0, 1.0, 0.994, 1.0, 1.0, 1.0, 0.998, 0.996, 0.972, 0.828]	1.1491089	0.028361738
2220	0.98971426	0.9813333	0.9872	0.974	0.96933335	0.9726	[1.0, 1.0, 1.0, 1.0, 1.0, 1.0, 0.99717516, 0.9942029, 0.920354, 0.8324176]	[1.0, 1.0, 1.0, 1.0, 1.0, 1.0, 1.0, 1.0, 0.863354, 0.8235294]	[1.0, 1.0, 1.0, 1.0, 1.0, 1.0, 0.998, 0.996, 0.902, 0.83]	1.1716042	0.036794007
2230	0.98914284	0.97866666	0.986	0.97914284	0.9773333	0.9786	[1.0, 1.0, 0.9942857, 1.0, 1.0, 1.0, 0.99717516, 0.9942029, 0.9734513, 0.8379121]	[1.0, 1.0, 1.0, 1.0, 1.0, 1.0, 1.0, 1.0, 0.94409937, 0.8161765]	[1.0, 1.0, 0.996, 1.0, 1.0, 1.0, 0.998, 0.996, 0.964, 0.832]	1.1301212	0.029271543
2240	0.98971426	0.978	0.9862	0.9811429	0.97466666	0.9792	[1.0, 1.0, 0.9942857, 1.0, 1.0, 1.0, 0.99717516, 0.95652175, 0.96755165, 0.89835167]	[1.0, 1.0, 0.9866667, 1.0, 1.0, 1.0, 0.9931507, 0.9612903, 0.94409937, 0.85294116]	[1.0, 1.0, 0.992, 1.0, 1.0, 1.0, 0.996, 0.958, 0.96, 0.886]	1.183567	0.035408318
2250	0.98885715	0.98066664	0.9864	0.976	0.9726667	0.975	[1.0, 1.0, 1.0, 1.0, 1.0, 1.0, 0.99717516, 0.9942029, 0.9380531, 0.83516484]	[1.0, 1.0, 1.0, 1.0, 1.0, 1.0, 0.9931507, 1.0, 0.9068323, 0.8161765]	[1.0, 1.0, 1.0, 1.0, 1.0, 1.0, 0.996, 0.996, 0.928, 0.83]	1.1945419	0.032271862
2260	0.992	0.984	0.9896	0.97742856	0.9713333	0.9756	[1.0, 1.0, 0.99714285, 1.0, 1.0, 1.0, 0.99717516, 0.9942029, 0.9262537, 0.86263734]	[1.0, 1.0, 1.0, 1.0, 1.0, 1.0, 1.0, 1.0, 0.8757764, 0.8308824]	[1.0, 1.0, 0.998, 1.0, 1.0, 1.0, 0.998, 0.996, 0.91, 0.854]	1.1776962	0.036510706
2270	0.99142855	0.97866666	0.9876	0.98085713	0.98	0.9806	[1.0, 1.0, 0.99142855, 1.0, 1.0, 1.0, 0.99717516, 0.973913, 0.96460176, 0.88461536]	[1.0, 1.0, 1.0, 1.0, 1.0, 1.0, 1.0, 0.9935484, 0.94409937, 0.85294116]	[1.0, 1.0, 0.994, 1.0, 1.0, 1.0, 0.998, 0.98, 0.958, 0.876]	1.0309601	0.031811535
2280	0.9942857	0.982	0.9906	0.9817143	0.97866666	0.9808	[1.0, 1.0, 0.9942857, 1.0, 1.0, 1.0, 0.99717516, 0.9884058, 0.95280236, 0.88736266]	[1.0, 1.0, 1.0, 1.0, 1.0, 1.0, 1.0, 0.9935484, 0.9254658, 0.8602941]	[1.0, 1.0, 0.996, 1.0, 1.0, 1.0, 0.998, 0.99, 0.944, 0.88]	1.1205969	0.032822132
2290	0.99314284	0.9813333	0.9896	0.98228574	0.9773333	0.9808	[1.0, 1.0, 0.9942857, 1.0, 1.0, 1.0, 0.99717516, 0.9884058, 0.96460176, 0.8818681]	[1.0, 1.0, 1.0, 1.0, 1.0, 1.0, 1.0, 0.9935484, 0.9378882, 0.8308824]	[1.0, 1.0, 0.996, 1.0, 1.0, 1.0, 0.998, 0.99, 0.956, 0.868]	1.1450348	0.029626489
2300	0.9925714	0.982	0.9894	0.98085713	0.9773333	0.9798	[1.0, 1.0, 0.99714285, 1.0, 1.0, 1.0, 0.99717516, 0.9942029, 0.96755165, 0.85714287]	[1.0, 1.0, 1.0, 1.0, 1.0, 1.0, 1.0, 0.9935484, 0.94409937, 0.8235294]	[1.0, 1.0, 0.998, 1.0, 1.0, 1.0, 0.998, 0.994, 0.96, 0.848]	1.1074371	0.028767467
2310	0.9951429	0.98733336	0.9928	0.9794286	0.972	0.9772	[1.0, 1.0, 0.99714285, 1.0, 1.0, 1.0, 0.99717516, 0.98550725, 0.9144543, 0.9010989]	[1.0, 1.0, 1.0, 1.0, 1.0, 1.0, 0.9931507, 0.9935484, 0.863354, 0.86764705]	[1.0, 1.0, 0.998, 1.0, 1.0, 1.0, 0.996, 0.988, 0.898, 0.892]	1.099371	0.038189292
2320	0.99285716	0.97933334	0.9888	0.9817143	0.9773333	0.9804	[1.0, 1.0, 1.0, 1.0, 1.0, 1.0, 0.99717516, 0.98550725, 0.96460176, 0.87362635]	[1.0, 1.0, 1.0, 1.0, 1.0, 1.0, 0.9931507, 0.9935484, 0.93167704, 0.8455882]	[1.0, 1.0, 1.0, 1.0, 1.0, 1.0, 0.996, 0.988, 0.954, 0.866]	1.0783634	0.024438858
2330	0.98885715	0.98	0.9862	0.978	0.9726667	0.9764	[1.0, 1.0, 0.99714285, 1.0, 1.0, 1.0, 0.99717516, 0.9942029, 0.9380531, 0.85714287]	[1.0, 1.0, 1.0, 1.0, 1.0, 1.0, 1.0, 1.0, 0.9006211, 0.8161765]	[1.0, 1.0, 0.998, 1.0, 1.0, 1.0, 0.998, 0.996, 0.926, 0.846]	1.0811539	0.030753732
2340	0.99285716	0.9826667	0.9898	0.98228574	0.97933334	0.9814	[1.0, 1.0, 0.99714285, 1.0, 1.0, 1.0, 0.99717516, 0.9884058, 0.9616519, 0.8818681]	[1.0, 1.0, 1.0, 1.0, 1.0, 1.0, 1.0, 1.0, 0.9378882, 0.8455882]	[1.0, 1.0, 0.998, 1.0, 1.0, 1.0, 0.998, 0.992, 0.954, 0.872]	1.040575	0.027001798
2350	0.9937143	0.98933333	0.9924	0.976	0.96533334	0.9728	[1.0, 1.0, 0.99714285, 1.0, 1.0, 1.0, 0.99717516, 0.9942029, 0.8938053, 0.8791209]	[1.0, 1.0, 1.0, 1.0, 1.0, 1.0, 1.0, 0.9935484, 0.80124223, 0.8602941]	[1.0, 1.0, 0.998, 1.0, 1.0, 1.0, 0.998, 0.994, 0.864, 0.874]	1.0865402	0.041978538
2360	0.9942857	0.986	0.9918	0.9797143	0.9726667	0.9776	[1.0, 1.0, 0.99714285, 1.0, 1.0, 1.0, 0.99717516, 0.9710145, 0.9144543, 0.9175824]	[1.0, 1.0, 0.99333334, 1.0, 1.0, 1.0, 1.0, 0.9935484, 0.8509317, 0.8897059]	[1.0, 1.0, 0.996, 1.0, 1.0, 1.0, 0.998, 0.978, 0.894, 0.91]	1.0525331	0.039452612
2370	0.99314284	0.98	0.9892	0.982	0.9773333	0.9806	[1.0, 1.0, 0.99714285, 1.0, 1.0, 1.0, 0.99717516, 0.973913, 0.96460176, 0.8901099]	[1.0, 1.0, 1.0, 1.0, 1.0, 1.0, 0.98630136, 0.9935484, 0.93167704, 0.85294116]	[1.0, 1.0, 0.998, 1.0, 1.0, 1.0, 0.994, 0.98, 0.954, 0.88]	1.088316	0.02770418
2380	0.988	0.9813333	0.986	0.97657144	0.9726667	0.9754	[1.0, 1.0, 0.99714285, 1.0, 1.0, 1.0, 0.99717516, 0.9971014, 0.9380531, 0.8406593]	[1.0, 1.0, 1.0, 1.0, 1.0, 1.0, 1.0, 1.0, 0.9006211, 0.8161765]	[1.0, 1.0, 0.998, 1.0, 1.0, 1.0, 0.998, 0.998, 0.926, 0.834]	1.0158005	0.030946195
2390	0.99142855	0.98066664	0.9882	0.9802857	0.97866666	0.9798	[1.0, 1.0, 0.99714285, 1.0, 1.0, 1.0, 0.99717516, 0.9942029, 0.9616519, 0.85714287]	[1.0, 1.0, 1.0, 1.0, 1.0, 1.0, 1.0, 1.0, 0.9503106, 0.8235294]	[1.0, 1.0, 0.998, 1.0, 1.0, 1.0, 0.998, 0.996, 0.958, 0.848]	1.0042477	0.025240004
2400	0.9925714	0.98333335	0.9898	0.9802857	0.978	0.9796	[1.0, 1.0, 0.99714285, 1.0, 1.0, 1.0, 0.99717516, 0.9942029, 0.9557522, 0.86263734]	[1.0, 1.0, 1.0, 1.0, 1.0, 1.0, 1.0, 1.0, 0.9254658, 0.8455882]	[1.0, 1.0, 0.998, 1.0, 1.0, 1.0, 0.998, 0.996, 0.946, 0.858]	1.1419888	0.029028237
2410	0.9882857	0.97933334	0.9856	0.9785714	0.9766667	0.978	[1.0, 1.0, 0.9942857, 1.0, 1.0, 1.0, 0.99717516, 0.9942029, 0.96460176, 0.8406593]	[1.0, 1.0, 1.0, 1.0, 1.0, 1.0, 0.9931507, 1.0, 0.94409937, 0.8161765]	[1.0, 1.0, 0.996, 1.0, 1.0, 1.0, 0.996, 0.996, 0.958, 0.834]	1.0763702	0.028383076
2420	0.9957143	0.988	0.9934	0.9771429	0.97066665	0.9752	[1.0, 1.0, 0.99714285, 1.0, 1.0, 1.0, 0.99717516, 0.9478261, 0.9144543, 0.91483516]	[1.0, 1.0, 1.0, 1.0, 1.0, 1.0, 1.0, 0.9741936, 0.8509317, 0.88235295]	[1.0, 1.0, 0.998, 1.0, 1.0, 1.0, 0.998, 0.956, 0.894, 0.906]	1.0803032	0.036658525
2430	0.99542856	0.9853333	0.9924	0.97828573	0.97	0.9758	[1.0, 1.0, 1.0, 1.0, 1.0, 1.0, 0.99717516, 0.9826087, 0.90855455, 0.8956044]	[1.0, 1.0, 1.0, 1.0, 1.0, 1.0, 0.9931507, 0.9935484, 0.8447205, 0.86764705]	[1.0, 1.0, 1.0, 1.0, 1.0, 1.0, 0.996, 0.986, 0.888, 0.888]	1.0375481	0.032672822
2440	0.9942857	0.98333335	0.991	0.9811429	0.978	0.9802	[1.0, 1.0, 0.99714285, 1.0, 1.0, 1.0, 0.99717516, 0.9826087, 0.9498525, 0.88736266]	[1.0, 1.0, 1.0, 1.0, 1.0, 1.0, 1.0, 1.0, 0.91925466, 0.85294116]	[1.0, 1.0, 0.998, 1.0, 1.0, 1.0, 0.998, 0.988, 0.94, 0.878]	1.0725842	0.02543962
2450	0.99542856	0.982	0.9914	0.9817143	0.978	0.9806	[1.0, 1.0, 0.99714285, 1.0, 1.0, 1.0, 0.99717516, 0.97971016, 0.9587021, 0.88736266]	[1.0, 1.0, 1.0, 1.0, 1.0, 1.0, 1.0, 0.9935484, 0.91925466, 0.8602941]	[1.0, 1.0, 0.998, 1.0, 1.0, 1.0, 0.998, 0.984, 0.946, 0.88]	1.0076771	0.024819613
2460	0.99285716	0.9853333	0.9906	0.97885716	0.97866666	0.9788	[1.0, 1.0, 0.9942857, 1.0, 1.0, 1.0, 0.99717516, 0.9942029, 0.9439528, 0.86263734]	[1.0, 1.0, 1.0, 1.0, 1.0, 1.0, 1.0, 1.0, 0.9254658, 0.85294116]	[1.0, 1.0, 0.996, 1.0, 1.0, 1.0, 0.998, 0.996, 0.938, 0.86]	1.064888	0.03342259
2470	0.9957143	0.9853333	0.9926	0.9811429	0.9773333	0.98	[1.0, 1.0, 0.99714285, 1.0, 1.0, 1.0, 0.99717516, 0.99130434, 0.94100296, 0.88736266]	[1.0, 1.0, 1.0, 1.0, 1.0, 1.0, 0.9931507, 1.0, 0.9130435, 0.8602941]	[1.0, 1.0, 0.998, 1.0, 1.0, 1.0, 0.996, 0.994, 0.932, 0.88]	1.0202732	0.029503405
2480	0.9882857	0.9773333	0.985	0.98142856	0.97866666	0.9806	[1.0, 1.0, 0.99714285, 1.0, 1.0, 1.0, 0.99717516, 0.9884058, 0.9734513, 0.86263734]	[1.0, 1.0, 1.0, 1.0, 1.0, 1.0, 0.9931507, 0.9935484, 0.9627329, 0.8235294]	[1.0, 1.0, 0.998, 1.0, 1.0, 1.0, 0.996, 0.99, 0.97, 0.852]	1.0169544	0.022083461
2490	0.994	0.98466665	0.9912	0.97742856	0.972	0.9758	[1.0, 1.0, 0.99714285, 1.0, 1.0, 1.0, 0.99717516, 0.9942029, 0.9174041, 0.8708791]	[1.0, 1.0, 1.0, 1.0, 1.0, 1.0, 1.0, 1.0, 0.8757764, 0.8382353]	[1.0, 1.0, 0.998, 1.0, 1.0, 1.0, 0.998, 0.996, 0.904, 0.862]	1.0069618	0.030452609
2500	0.99057144	0.9773333	0.9866	0.9817143	0.98	0.9812	[1.0, 1.0, 0.99714285, 1.0, 1.0, 1.0, 0.99717516, 0.97971016, 0.97935104, 0.8681319]	[1.0, 1.0, 1.0, 1.0, 1.0, 1.0, 0.9931507, 0.9935484, 0.9751553, 0.8235294]	[1.0, 1.0, 0.998, 1.0, 1.0, 1.0, 0.996, 0.984, 0.978, 0.856]	0.9880028	0.018999577
2510	0.98885715	0.9766667	0.9852	0.982	0.98066664	0.9816	[1.0, 1.0, 0.99714285, 1.0, 1.0, 1.0, 0.99717516, 0.97971016, 0.9823009, 0.8681319]	[1.0, 1.0, 1.0, 1.0, 1.0, 1.0, 1.0, 0.9935484, 0.9751553, 0.8235294]	[1.0, 1.0, 0.998, 1.0, 1.0, 1.0, 0.998, 0.984, 0.98, 0.856]	0.98843	0.018909097
2520	0.99	0.98066664	0.9872	0.97742856	0.97533333	0.9768	[1.0, 1.0, 0.99714285, 1.0, 1.0, 1.0, 0.99717516, 0.9942029, 0.94100296, 0.8489011]	[1.0, 1.0, 1.0, 1.0, 1.0, 1.0, 1.0, 1.0, 0.9068323, 0.8382353]	[1.0, 1.0, 0.998, 1.0, 1.0, 1.0, 0.998, 0.996, 0.93, 0.846]	1.0098152	0.02577734
2530	0.98657143	0.9766667	0.9836	0.98142856	0.98066664	0.9812	[1.0, 1.0, 0.9942857, 1.0, 1.0, 1.0, 0.99717516, 0.97971016, 0.9882006, 0.8598901]	[1.0, 1.0, 0.99333334, 1.0, 1.0, 1.0, 1.0, 0.9935484, 0.98136646, 0.8235294]	[1.0, 1.0, 0.994, 1.0, 1.0, 1.0, 0.998, 0.984, 0.986, 0.85]	0.97491074	0.019471228
2540	0.994	0.982	0.9904	0.97742856	0.9726667	0.976	[1.0, 1.0, 0.99714285, 1.0, 1.0, 1.0, 0.99717516, 0.942029, 0.9262537, 0.9120879]	[1.0, 1.0, 0.99333334, 1.0, 1.0, 1.0, 1.0, 0.9612903, 0.8757764, 0.89705884]	[1.0, 1.0, 0.996, 1.0, 1.0, 1.0, 0.998, 0.948, 0.91, 0.908]	1.0151634	0.035651326
2550	0.9942857	0.98866665	0.9926	0.9777143	0.97333336	0.9764	[1.0, 1.0, 0.99714285, 1.0, 1.0, 1.0, 0.99717516, 0.9942029, 0.920354, 0.8708791]	[1.0, 1.0, 1.0, 1.0, 1.0, 1.0, 1.0, 1.0, 0.8757764, 0.85294116]	[1.0, 1.0, 0.998, 1.0, 1.0, 1.0, 0.998, 0.996, 0.906, 0.866]	1.0151463	0.029592097
2560	0.99314284	0.98466665	0.9906	0.9768571	0.968	0.9742	[1.0, 1.0, 0.99714285, 1.0, 1.0, 1.0, 0.99717516, 0.9942029, 0.9026549, 0.8791209]	[1.0, 1.0, 1.0, 1.0, 1.0, 1.0, 1.0, 1.0, 0.8136646, 0.86764705]	[1.0, 1.0, 0.998, 1.0, 1.0, 1.0, 0.998, 0.996, 0.874, 0.876]	1.0215893	0.033593595
2570	0.9951429	0.9813333	0.991	0.98285717	0.98066664	0.9822	[1.0, 1.0, 0.99714285, 1.0, 1.0, 1.0, 0.99717516, 0.9768116, 0.96755165, 0.89285713]	[1.0, 1.0, 1.0, 1.0, 1.0, 1.0, 0.9931507, 0.9935484, 0.94409937, 0.86764705]	[1.0, 1.0, 0.998, 1.0, 1.0, 1.0, 0.996, 0.982, 0.96, 0.886]	0.8980427	0.021690965
2580	0.99314284	0.97933334	0.989	0.9825714	0.982	0.9824	[1.0, 1.0, 0.99714285, 1.0, 1.0, 1.0, 0.99717516, 0.97971016, 0.9734513, 0.8818681]	[1.0, 1.0, 1.0, 1.0, 1.0, 1.0, 1.0, 0.9935484, 0.9689441, 0.8455882]	[1.0, 1.0, 0.998, 1.0, 1.0, 1.0, 0.998, 0.984, 0.972, 0.872]	0.99144745	0.019372642
2590	0.99457145	0.98466665	0.9916	0.98142856	0.9813333	0.9814	[1.0, 1.0, 0.99714285, 1.0, 1.0, 1.0, 0.99717516, 0.99130434, 0.9587021, 0.87362635]	[1.0, 1.0, 1.0, 1.0, 1.0, 1.0, 1.0, 1.0, 0.94409937, 0.8602941]	[1.0, 1.0, 0.998, 1.0, 1.0, 1.0, 0.998, 0.994, 0.954, 0.87]	1.0292702	0.021440923
2600	0.9902857	0.97866666	0.9868	0.98085713	0.97933334	0.9804	[1.0, 1.0, 0.99714285, 1.0, 1.0, 1.0, 0.99717516, 0.9942029, 0.9734513, 0.85164833]	[1.0, 1.0, 1.0, 1.0, 1.0, 1.0, 1.0, 1.0, 0.9503106, 0.8308824]	[1.0, 1.0, 0.998, 1.0, 1.0, 1.0, 0.998, 0.996, 0.966, 0.846]	0.9772072	0.020237029
2610	0.99714285	0.984	0.9932	0.9817143	0.97866666	0.9808	[1.0, 1.0, 0.99714285, 1.0, 1.0, 1.0, 0.99717516, 0.9826087, 0.94100296, 0.9010989]	[1.0, 1.0, 1.0, 1.0, 1.0, 1.0, 1.0, 0.9935484, 0.9068323, 0.88235295]	[1.0, 1.0, 0.998, 1.0, 1.0, 1.0, 0.998, 0.986, 0.93, 0.896]	0.9829197	0.026224017
2620	0.99485713	0.982	0.991	0.98142856	0.97866666	0.9806	[1.0, 1.0, 0.99714285, 1.0, 1.0, 1.0, 0.99717516, 0.95652175, 0.96460176, 0.9010989]	[1.0, 1.0, 1.0, 1.0, 1.0, 1.0, 0.98630136, 0.9870968, 0.93167704, 0.875]	[1.0, 1.0, 0.998, 1.0, 1.0, 1.0, 0.994, 0.966, 0.954, 0.894]	0.95659256	0.0181458
2630	0.9937143	0.98466665	0.991	0.98085713	0.9773333	0.9798	[1.0, 1.0, 0.99714285, 1.0, 1.0, 1.0, 0.99717516, 0.9884058, 0.9439528, 0.88461536]	[1.0, 1.0, 1.0, 1.0, 1.0, 1.0, 1.0, 1.0, 0.9254658, 0.8382353]	[1.0, 1.0, 0.998, 1.0, 1.0, 1.0, 0.998, 0.992, 0.938, 0.872]	0.9470291	0.021645188
2640	0.9942857	0.9826667	0.9908	0.9825714	0.9813333	0.9822	[1.0, 1.0, 0.99714285, 1.0, 1.0, 1.0, 0.99717516, 0.97971016, 0.96755165, 0.88736266]	[1.0, 1.0, 0.99333334, 1.0, 1.0, 1.0, 1.0, 0.9935484, 0.9627329, 0.85294116]	[1.0, 1.0, 0.996, 1.0, 1.0, 1.0, 0.998, 0.984, 0.966, 0.878]	0.9414635	0.020317137
2650	0.99314284	0.9813333	0.9896	0.97485715	0.9633333	0.9714	[1.0, 1.0, 0.99714285, 1.0, 1.0, 1.0, 0.99717516, 0.9478261, 0.8938053, 0.9120879]	[1.0, 1.0, 0.99333334, 1.0, 1.0, 1.0, 1.0, 0.9741936, 0.76397514, 0.9117647]	[1.0, 1.0, 0.996, 1.0, 1.0, 1.0, 0.998, 0.956, 0.852, 0.912]	0.96370316	0.03715855
2660	0.99485713	0.988	0.9928	0.9785714	0.96933335	0.9758	[1.0, 1.0, 0.99714285, 1.0, 1.0, 1.0, 0.99717516, 0.99130434, 0.90855455, 0.89285713]	[1.0, 1.0, 0.99333334, 1.0, 1.0, 1.0, 1.0, 1.0, 0.82608694, 0.875]	[1.0, 1.0, 0.996, 1.0, 1.0, 1.0, 0.998, 0.994, 0.882, 0.888]	0.9737072	0.033107877
2670	0.994	0.98066664	0.99	0.982	0.9813333	0.9818	[1.0, 1.0, 0.99714285, 1.0, 1.0, 1.0, 0.99717516, 0.98550725, 0.96460176, 0.8791209]	[1.0, 1.0, 0.99333334, 1.0, 1.0, 1.0, 1.0, 1.0, 0.9503106, 0.8602941]	[1.0, 1.0, 0.996, 1.0, 1.0, 1.0, 0.998, 0.99, 0.96, 0.874]	0.95396614	0.021281242
2680	0.99314284	0.984	0.9904	0.9797143	0.97866666	0.9794	[1.0, 1.0, 0.99714285, 1.0, 1.0, 1.0, 0.99717516, 0.9942029, 0.9439528, 0.8681319]	[1.0, 1.0, 1.0, 1.0, 1.0, 1.0, 1.0, 1.0, 0.91925466, 0.8602941]	[1.0, 1.0, 0.998, 1.0, 1.0, 1.0, 0.998, 0.996, 0.936, 0.866]	0.8462601	0.02140838
2690	0.9917143	0.98333335	0.9892	0.9811429	0.97866666	0.9804	[1.0, 1.0, 0.99714285, 1.0, 1.0, 1.0, 0.99717516, 0.9942029, 0.9616519, 0.86538464]	[1.0, 1.0, 1.0, 1.0, 1.0, 1.0, 1.0, 1.0, 0.94409937, 0.8308824]	[1.0, 1.0, 0.998, 1.0, 1.0, 1.0, 0.998, 0.996, 0.956, 0.856]	0.93943596	0.01823008
2700	0.9951429	0.986	0.9924	0.98085713	0.98066664	0.9808	[1.0, 1.0, 0.99714285, 1.0, 1.0, 1.0, 0.99717516, 0.9942029, 0.95280236, 0.8708791]	[1.0, 1.0, 1.0, 1.0, 1.0, 1.0, 1.0, 1.0, 0.94409937, 0.85294116]	[1.0, 1.0, 0.998, 1.0, 1.0, 1.0, 0.998, 0.996, 0.95, 0.866]	1.0095539	0.0215742
2710	0.988	0.97866666	0.9852	0.9797143	0.97866666	0.9794	[1.0, 1.0, 0.99714285, 1.0, 1.0, 1.0, 0.99717516, 0.9942029, 0.9616519, 0.85164833]	[1.0, 1.0, 1.0, 1.0, 1.0, 1.0, 1.0, 1.0, 0.9503106, 0.8235294]	[1.0, 1.0, 0.998, 1.0, 1.0, 1.0, 0.998, 0.996, 0.958, 0.844]	0.9325619	0.018093944
2720	0.99142855	0.97333336	0.986	0.9671429	0.9626667	0.9658	[1.0, 1.0, 0.99714285, 1.0, 1.0, 1.0, 0.99717516, 0.8057971, 0.9380531, 0.9313187]	[1.0, 1.0, 0.99333334, 1.0, 1.0, 1.0, 1.0, 0.81935483, 0.9006211, 0.9191176]	[1.0, 1.0, 0.996, 1.0, 1.0, 1.0, 0.998, 0.81, 0.926, 0.928]	0.97400475	0.025459468
2730	0.99628574	0.9813333	0.9918	0.9811429	0.97866666	0.9804	[1.0, 1.0, 1.0, 1.0, 1.0, 1.0, 0.99717516, 0.9710145, 0.95280236, 0.89285713]	[1.0, 1.0, 1.0, 1.0, 1.0, 1.0, 0.98630136, 1.0, 0.91925466, 0.875]	[1.0, 1.0, 1.0, 1.0, 1.0, 1.0, 0.994, 0.98, 0.942, 0.888]	0.9112072	0.017770708
2740	0.9957143	0.9853333	0.9926	0.98228574	0.98	0.9816	[1.0, 1.0, 0.99714285, 1.0, 1.0, 1.0, 0.99717516, 0.9826087, 0.95280236, 0.8956044]	[1.0, 1.0, 1.0, 1.0, 1.0, 1.0, 1.0, 1.0, 0.93167704, 0.8602941]	[1.0, 1.0, 0.998, 1.0, 1.0, 1.0, 0.998, 0.988, 0.946, 0.886]	0.9607048	0.020104766
2750	0.99628574	0.9853333	0.993	0.9817143	0.9813333	0.9816	[1.0, 1.0, 0.99714285, 1.0, 1.0, 1.0, 0.99717516, 0.99130434, 0.9557522, 0.8791209]	[1.0, 1.0, 1.0, 1.0, 1.0, 1.0, 1.0, 1.0, 0.9378882, 0.86764705]	[1.0, 1.0, 0.998, 1.0, 1.0, 1.0, 0.998, 0.994, 0.95, 0.876]	0.8705101	0.020642996
2760	0.9974286	0.986	0.994	0.9797143	0.978	0.9792	[1.0, 1.0, 0.99714285, 1.0, 1.0, 1.0, 0.99717516, 0.9768116, 0.9439528, 0.88461536]	[1.0, 1.0, 0.99333334, 1.0, 1.0, 1.0, 1.0, 0.9870968, 0.9130435, 0.88235295]	[1.0, 1.0, 0.996, 1.0, 1.0, 1.0, 0.998, 0.98, 0.934, 0.884]	0.9438667	0.030842602
2770	0.998	0.98733336	0.9948	0.9811429	0.9773333	0.98	[1.0, 1.0, 0.99714285, 1.0, 1.0, 1.0, 0.99717516, 0.99130434, 0.93510324, 0.89285713]	[1.0, 1.0, 1.0, 1.0, 1.0, 1.0, 1.0, 1.0, 0.88819873, 0.88235295]	[1.0, 1.0, 0.998, 1.0, 1.0, 1.0, 0.998, 0.994, 0.92, 0.89]	0.93323326	0.026947975
2780	0.99285716	0.98066664	0.9892	0.9825714	0.98066664	0.982	[1.0, 1.0, 0.99714285, 1.0, 1.0, 1.0, 0.99717516, 0.9826087, 0.9705015, 0.8818681]	[1.0, 1.0, 0.99333334, 1.0, 1.0, 1.0, 1.0, 1.0, 0.9503106, 0.85294116]	[1.0, 1.0, 0.996, 1.0, 1.0, 1.0, 0.998, 0.988, 0.964, 0.874]	0.89421844	0.015992641
2790	0.994	0.9826667	0.9906	0.9794286	0.9726667	0.9774	[1.0, 1.0, 0.99714285, 1.0, 1.0, 1.0, 0.99717516, 0.9942029, 0.93510324, 0.87362635]	[1.0, 1.0, 1.0, 1.0, 1.0, 1.0, 1.0, 1.0, 0.8819876, 0.8382353]	[1.0, 1.0, 0.998, 1.0, 1.0, 1.0, 0.998, 0.996, 0.918, 0.864]	0.85907364	0.021930635
2800	0.99	0.98	0.987	0.98314285	0.9813333	0.9826	[1.0, 1.0, 0.99714285, 1.0, 1.0, 1.0, 0.99717516, 0.9942029, 0.9882006, 0.8598901]	[1.0, 1.0, 0.99333334, 1.0, 1.0, 1.0, 1.0, 0.9935484, 0.98136646, 0.8308824]	[1.0, 1.0, 0.996, 1.0, 1.0, 1.0, 0.998, 0.994, 0.986, 0.852]	0.85754776	0.014277756
2810	0.99714285	0.9826667	0.9928	0.9797143	0.98	0.9798	[1.0, 1.0, 0.99714285, 1.0, 1.0, 1.0, 0.99717516, 0.96231884, 0.9587021, 0.88461536]	[1.0, 1.0, 0.99333334, 1.0, 1.0, 1.0, 1.0, 0.9870968, 0.9378882, 0.875]	[1.0, 1.0, 0.996, 1.0, 1.0, 1.0, 0.998, 0.97, 0.952, 0.882]	0.85217094	0.024849892
2820	0.99142855	0.98333335	0.989	0.98	0.98	0.98	[1.0, 1.0, 0.99714285, 1.0, 1.0, 1.0, 0.99717516, 0.9942029, 0.9587021, 0.85714287]	[1.0, 1.0, 1.0, 1.0, 1.0, 1.0, 1.0, 1.0, 0.9378882, 0.85294116]	[1.0, 1.0, 0.998, 1.0, 1.0, 1.0, 0.998, 0.996, 0.952, 0.856]	0.90722466	0.01903075
2830	0.99885714	0.984	0.9944	0.9797143	0.9766667	0.9788	[1.0, 1.0, 0.99714285, 1.0, 1.0, 1.0, 0.99717516, 0.93333334, 0.9439528, 0.92582417]	[1.0, 1.0, 1.0, 1.0, 1.0, 1.0, 1.0, 0.9741936, 0.9006211, 0.8897059]	[1.0, 1.0, 0.998, 1.0, 1.0, 1.0, 0.998, 0.946, 0.93, 0.916]	0.89118576	0.023008704
2840	0.996	0.97466666	0.9896	0.9722857	0.974	0.9728	[1.0, 1.0, 0.99714285, 1.0, 1.0, 1.0, 0.99717516, 0.84927535, 0.96755165, 0.9120879]	[1.0, 1.0, 1.0, 1.0, 1.0, 1.0, 1.0, 0.89032257, 0.95652175, 0.8897059]	[1.0, 1.0, 0.998, 1.0, 1.0, 1.0, 0.998, 0.862, 0.964, 0.906]	0.8399658	0.016472578
2850	0.99885714	0.984	0.9944	0.98228574	0.9813333	0.982	[1.0, 1.0, 0.99714285, 1.0, 1.0, 1.0, 0.99717516, 0.9681159, 0.9587021, 0.90384614]	[1.0, 1.0, 1.0, 1.0, 1.0, 1.0, 1.0, 0.9935484, 0.93167704, 0.88235295]	[1.0, 1.0, 0.998, 1.0, 1.0, 1.0, 0.998, 0.976, 0.95, 0.898]	0.93961906	0.020801902
2860	0.99628574	0.9853333	0.993	0.98285717	0.984	0.9832	[1.0, 1.0, 0.99714285, 1.0, 1.0, 1.0, 0.99717516, 0.99130434, 0.9616519, 0.88461536]	[1.0, 1.0, 1.0, 1.0, 1.0, 1.0, 1.0, 1.0, 0.95652175, 0.875]	[1.0, 1.0, 0.998, 1.0, 1.0, 1.0, 0.998, 0.994, 0.96, 0.882]	0.90961266	0.019663036
2870	0.992	0.982	0.989	0.98085713	0.98066664	0.9808	[1.0, 1.0, 0.99714285, 1.0, 1.0, 1.0, 0.99717516, 0.9942029, 0.9616519, 0.86263734]	[1.0, 1.0, 0.99333334, 1.0, 1.0, 1.0, 1.0, 1.0, 0.9627329, 0.8382353]	[1.0, 1.0, 0.996, 1.0, 1.0, 1.0, 0.998, 0.996, 0.962, 0.856]	0.87657166	0.017414987
2880	0.99485713	0.986	0.9922	0.9785714	0.97066665	0.9762	[1.0, 1.0, 0.99714285, 1.0, 1.0, 1.0, 0.99717516, 0.99130434, 0.91150445, 0.8901099]	[1.0, 1.0, 1.0, 1.0, 1.0, 1.0, 1.0, 1.0, 0.82608694, 0.88235295]	[1.0, 1.0, 0.998, 1.0, 1.0, 1.0, 0.998, 0.994, 0.884, 0.888]	0.88928795	0.030952156
2890	0.9982857	0.98	0.9928	0.9797143	0.97933334	0.9796	[1.0, 1.0, 1.0, 1.0, 1.0, 1.0, 0.99717516, 0.942029, 0.9587021, 0.9010989]	[1.0, 1.0, 1.0, 1.0, 1.0, 1.0, 1.0, 0.9741936, 0.9378882, 0.875]	[1.0, 1.0, 1.0, 1.0, 1.0, 1.0, 0.998, 0.952, 0.952, 0.894]	0.86585236	0.017766416
2900	0.9951429	0.98333335	0.9916	0.98085713	0.978	0.98	[1.0, 1.0, 0.99714285, 1.0, 1.0, 1.0, 0.99717516, 0.9942029, 0.9380531, 0.88461536]	[1.0, 1.0, 1.0, 1.0, 1.0, 1.0, 1.0, 1.0, 0.9130435, 0.8602941]	[1.0, 1.0, 0.998, 1.0, 1.0, 1.0, 0.998, 0.996, 0.93, 0.878]	0.8495331	0.021593332
2910	0.99542856	0.9853333	0.9924	0.9825714	0.984	0.983	[1.0, 1.0, 0.99714285, 1.0, 1.0, 1.0, 0.99717516, 0.9826087, 0.96755165, 0.88461536]	[1.0, 1.0, 1.0, 1.0, 1.0, 1.0, 1.0, 1.0, 0.9689441, 0.8602941]	[1.0, 1.0, 0.998, 1.0, 1.0, 1.0, 0.998, 0.988, 0.968, 0.878]	0.81962395	0.017178655
2920	0.994	0.98933333	0.9926	0.9777143	0.972	0.976	[1.0, 1.0, 0.99714285, 1.0, 1.0, 1.0, 0.99717516, 0.9942029, 0.9174041, 0.87362635]	[1.0, 1.0, 1.0, 1.0, 1.0, 1.0, 1.0, 1.0, 0.8447205, 0.875]	[1.0, 1.0, 0.998, 1.0, 1.0, 1.0, 0.998, 0.996, 0.894, 0.874]	0.8328991	0.030058324
2930	0.9965714	0.98466665	0.993	0.97742856	0.9713333	0.9756	[1.0, 1.0, 0.99714285, 1.0, 1.0, 1.0, 0.99717516, 0.9536232, 0.9144543, 0.9120879]	[1.0, 1.0, 0.99333334, 1.0, 1.0, 1.0, 1.0, 0.9806452, 0.8509317, 0.8897059]	[1.0, 1.0, 0.996, 1.0, 1.0, 1.0, 0.998, 0.962, 0.894, 0.906]	0.9118881	0.031238377
2940	0.9994286	0.98333335	0.9946	0.98085713	0.98066664	0.9808	[1.0, 1.0, 0.99714285, 1.0, 1.0, 1.0, 0.99717516, 0.9449275, 0.9616519, 0.9093407]	[1.0, 1.0, 1.0, 1.0, 1.0, 1.0, 1.0, 0.9806452, 0.9378882, 0.88235295]	[1.0, 1.0, 0.998, 1.0, 1.0, 1.0, 0.998, 0.956, 0.954, 0.902]	0.8544769	0.019004345
2950	0.9925714	0.98333335	0.9898	0.98085713	0.9773333	0.9798	[1.0, 1.0, 0.99714285, 1.0, 1.0, 1.0, 0.99717516, 0.9942029, 0.95280236, 0.8708791]	[1.0, 1.0, 1.0, 1.0, 1.0, 1.0, 1.0, 1.0, 0.93167704, 0.8308824]	[1.0, 1.0, 0.998, 1.0, 1.0, 1.0, 0.998, 0.996, 0.946, 0.86]	0.74619865	0.016393363
2960	0.99457145	0.98466665	0.9916	0.97828573	0.966	0.9746	[1.0, 1.0, 1.0, 1.0, 1.0, 1.0, 0.99717516, 0.99130434, 0.9056047, 0.8901099]	[1.0, 1.0, 1.0, 1.0, 1.0, 1.0, 1.0, 1.0, 0.7950311, 0.86764705]	[1.0, 1.0, 1.0, 1.0, 1.0, 1.0, 0.998, 0.994, 0.87, 0.884]	0.87810326	0.027931571
2970	0.9957143	0.9853333	0.9926	0.9834286	0.982	0.983	[1.0, 1.0, 0.99714285, 1.0, 1.0, 1.0, 0.99717516, 0.9884058, 0.9734513, 0.8818681]	[1.0, 1.0, 0.9866667, 1.0, 1.0, 1.0, 1.0, 1.0, 0.9689441, 0.85294116]	[1.0, 1.0, 0.994, 1.0, 1.0, 1.0, 0.998, 0.992, 0.972, 0.874]	0.92601204	0.019312084
2980	0.9894286	0.982	0.9872	0.98057145	0.98066664	0.9806	[1.0, 1.0, 0.99714285, 1.0, 1.0, 1.0, 0.99717516, 0.9942029, 0.9705015, 0.85164833]	[1.0, 1.0, 1.0, 1.0, 1.0, 1.0, 1.0, 1.0, 0.95652175, 0.8382353]	[1.0, 1.0, 0.998, 1.0, 1.0, 1.0, 0.998, 0.996, 0.966, 0.848]	0.8818321	0.015973747
2990	0.9994286	0.98733336	0.9958	0.9817143	0.97933334	0.981	[1.0, 1.0, 0.99714285, 1.0, 1.0, 1.0, 0.99717516, 0.9681159, 0.94690263, 0.9093407]	[1.0, 1.0, 1.0, 1.0, 1.0, 1.0, 1.0, 1.0, 0.9068323, 0.88235295]	[1.0, 1.0, 0.998, 1.0, 1.0, 1.0, 0.998, 0.978, 0.934, 0.902]	0.85595703	0.02342081
3000	0.9997143	0.986	0.9956	0.98142856	0.97866666	0.9806	[1.0, 1.0, 0.99714285, 1.0, 1.0, 1.0, 0.99717516, 0.9536232, 0.9498525, 0.9175824]	[1.0, 1.0, 1.0, 1.0, 1.0, 1.0, 1.0, 0.9870968, 0.9130435, 0.88235295]	[1.0, 1.0, 0.998, 1.0, 1.0, 1.0, 0.998, 0.964, 0.938, 0.908]	0.8173466	0.021511674
3010	0.9925714	0.98333335	0.9898	0.982	0.982	0.982	[1.0, 1.0, 0.99714285, 1.0, 1.0, 1.0, 0.99717516, 0.9942029, 0.96755165, 0.8681319]	[1.0, 1.0, 1.0, 1.0, 1.0, 1.0, 1.0, 1.0, 0.9503106, 0.8602941]	[1.0, 1.0, 0.998, 1.0, 1.0, 1.0, 0.998, 0.996, 0.962, 0.866]	0.8392601	0.016961873
3020	0.9965714	0.9853333	0.9932	0.98457146	0.9826667	0.984	[1.0, 1.0, 0.99714285, 1.0, 1.0, 1.0, 0.99717516, 0.98550725, 0.96755165, 0.9010989]	[1.0, 1.0, 1.0, 1.0, 1.0, 1.0, 1.0, 1.0, 0.9503106, 0.86764705]	[1.0, 1.0, 0.998, 1.0, 1.0, 1.0, 0.998, 0.99, 0.962, 0.892]	0.8567085	0.017380238
3030	0.9991429	0.9826667	0.9942	0.98057145	0.978	0.9798	[1.0, 1.0, 0.99714285, 1.0, 1.0, 1.0, 0.99717516, 0.9478261, 0.9557522, 0.9093407]	[1.0, 1.0, 1.0, 1.0, 1.0, 1.0, 1.0, 0.9806452, 0.91925466, 0.875]	[1.0, 1.0, 0.998, 1.0, 1.0, 1.0, 0.998, 0.958, 0.944, 0.9]	0.85676	0.018894196
3040	0.99628574	0.9853333	0.993	0.9842857	0.9826667	0.9838	[1.0, 1.0, 0.99714285, 1.0, 1.0, 1.0, 0.99717516, 0.9826087, 0.96755165, 0.9010989]	[1.0, 1.0, 1.0, 1.0, 1.0, 1.0, 1.0, 1.0, 0.9503106, 0.86764705]	[1.0, 1.0, 0.998, 1.0, 1.0, 1.0, 0.998, 0.988, 0.962, 0.892]	0.8850975	0.0144732
3050	0.9997143	0.982	0.9944	0.9811429	0.97933334	0.9806	[1.0, 1.0, 0.99714285, 1.0, 1.0, 1.0, 0.99717516, 0.9449275, 0.9616519, 0.9120879]	[1.0, 1.0, 1.0, 1.0, 1.0, 1.0, 1.0, 0.9806452, 0.93167704, 0.875]	[1.0, 1.0, 0.998, 1.0, 1.0, 1.0, 0.998, 0.956, 0.952, 0.902]	0.8123436	0.017692447
3060	0.99714285	0.98866665	0.9946	0.9817143	0.9773333	0.9804	[1.0, 1.0, 0.99714285, 1.0, 1.0, 1.0, 0.99717516, 0.99130434, 0.9380531, 0.8956044]	[1.0, 1.0, 0.99333334, 1.0, 1.0, 1.0, 1.0, 1.0, 0.9006211, 0.875]	[1.0, 1.0, 0.996, 1.0, 1.0, 1.0, 0.998, 0.994, 0.926, 0.89]	0.86717033	0.02527386
3070	0.99685717	0.98466665	0.9932	0.9834286	0.9813333	0.9828	[1.0, 1.0, 1.0, 1.0, 1.0, 1.0, 0.99717516, 0.9884058, 0.9557522, 0.8956044]	[1.0, 1.0, 1.0, 1.0, 1.0, 1.0, 1.0, 1.0, 0.93167704, 0.875]	[1.0, 1.0, 1.0, 1.0, 1.0, 1.0, 0.998, 0.992, 0.948, 0.89]	0.8682842	0.015946567
3080	0.99685717	0.9826667	0.9926	0.98457146	0.982	0.9838	[1.0, 1.0, 0.99714285, 1.0, 1.0, 1.0, 0.99717516, 0.9768116, 0.97640115, 0.9010989]	[1.0, 1.0, 1.0, 1.0, 1.0, 1.0, 0.9931507, 1.0, 0.95652175, 0.8602941]	[1.0, 1.0, 0.998, 1.0, 1.0, 1.0, 0.996, 0.984, 0.97, 0.89]	0.8217411	0.012726665
