              precision    recall  f1-score   support

           0     1.0000    1.0000    1.0000       154
           1     1.0000    1.0000    1.0000       164
           2     1.0000    1.0000    1.0000       150
           3     1.0000    1.0000    1.0000       146
           4     1.0000    1.0000    1.0000       150
           5     1.0000    1.0000    1.0000       138
           6     0.9932    1.0000    0.9966       146
           7     0.9172    1.0000    0.9568       155
           8     0.9506    0.9565    0.9536       161
           9     0.9917    0.8750    0.9297       136

    accuracy                         0.9840      1500
   macro avg     0.9853    0.9832    0.9837      1500
weighted avg     0.9847    0.9840    0.9838      1500
